-2.50	-2.40	0.0	10.0		0.000	0.000	0.024	0.000	0.000
-2.50	-2.40	10.0	12.0		0.000	0.000	0.041	0.000	0.000
-2.50	-2.40	12.0	13.0		0.194	0.069	0.089	0.000	0.000
-2.50	-2.40	13.0	14.0		0.349	0.079	0.087	0.108	0.108
-2.50	-2.40	14.0	15.0		0.444	0.093	0.097	0.127	0.127
-2.50	-2.40	15.0	20.0		0.688	0.028	0.027	0.000	0.000
-2.50	-2.40	20.0	25.0		0.799	0.018	0.017	0.061	0.061
-2.50	-2.40	25.0	30.0		0.825	0.013	0.013	0.025	0.025
-2.50	-2.40	30.0	35.0		0.855	0.009	0.009	0.015	0.015
-2.50	-2.40	35.0	40.0		0.886	0.007	0.006	0.000	0.000
-2.50	-2.40	40.0	45.0		0.894	0.005	0.005	0.000	0.000
-2.50	-2.40	45.0	50.0		0.904	0.006	0.006	0.019	0.019
-2.50	-2.40	50.0	60.0		0.892	0.009	0.008	0.000	0.000
-2.50	-2.40	60.0	100.0		0.929	0.016	0.013	0.016	0.016
-2.50	-2.40	100.0	200.0		0.930	0.063	0.038	0.000	0.000
-2.40	-2.30	0.0	10.0		0.000	0.000	0.017	0.000	0.000
-2.40	-2.30	10.0	12.0		0.033	0.022	0.042	0.054	0.054
-2.40	-2.30	12.0	13.0		0.462	0.113	0.116	0.419	0.419
-2.40	-2.30	13.0	14.0		0.419	0.100	0.106	0.000	0.000
-2.40	-2.30	14.0	15.0		0.586	0.110	0.103	0.000	0.000
-2.40	-2.30	15.0	20.0		0.796	0.024	0.022	0.000	0.000
-2.40	-2.30	20.0	25.0		0.922	0.013	0.011	0.000	0.000
-2.40	-2.30	25.0	30.0		0.940	0.008	0.007	0.016	0.016
-2.40	-2.30	30.0	35.0		0.948	0.006	0.006	0.008	0.008
-2.40	-2.30	35.0	40.0		0.959	0.004	0.004	0.005	0.005
-2.40	-2.30	40.0	45.0		0.961	0.003	0.003	0.008	0.008
-2.40	-2.30	45.0	50.0		0.964	0.004	0.003	0.004	0.004
-2.40	-2.30	50.0	60.0		0.965	0.005	0.005	0.011	0.011
-2.40	-2.30	60.0	100.0		0.979	0.010	0.007	0.010	0.010
-2.40	-2.30	100.0	200.0		0.977	0.050	0.019	0.000	0.000
-2.30	-2.20	0.0	10.0		0.000	0.000	0.015	0.000	0.000
-2.30	-2.20	10.0	12.0		0.032	0.021	0.041	0.057	0.057
-2.30	-2.20	12.0	13.0		0.333	0.082	0.092	0.325	0.325
-2.30	-2.20	13.0	14.0		0.600	0.092	0.086	0.000	0.000
-2.30	-2.20	14.0	15.0		0.651	0.087	0.079	0.094	0.094
-2.30	-2.20	15.0	20.0		0.832	0.023	0.021	0.000	0.000
-2.30	-2.20	20.0	25.0		0.874	0.015	0.013	0.015	0.015
-2.30	-2.20	25.0	30.0		0.922	0.009	0.008	0.013	0.013
-2.30	-2.20	30.0	35.0		0.950	0.005	0.005	0.000	0.000
-2.30	-2.20	35.0	40.0		0.948	0.004	0.004	0.006	0.006
-2.30	-2.20	40.0	45.0		0.953	0.003	0.003	0.005	0.005
-2.30	-2.20	45.0	50.0		0.962	0.004	0.004	0.000	0.000
-2.30	-2.20	50.0	60.0		0.962	0.006	0.005	0.000	0.000
-2.30	-2.20	60.0	100.0		0.973	0.011	0.008	0.000	0.000
-2.30	-2.20	100.0	200.0		0.959	0.051	0.026	0.000	0.000
-2.20	-2.10	0.0	10.0		0.000	0.000	0.015	0.000	0.000
-2.20	-2.10	10.0	12.0		0.048	0.026	0.045	0.048	0.048
-2.20	-2.10	12.0	13.0		0.278	0.080	0.094	0.000	0.000
-2.20	-2.10	13.0	14.0		0.383	0.068	0.073	0.180	0.180
-2.20	-2.10	14.0	15.0		0.519	0.078	0.078	0.195	0.195
-2.20	-2.10	15.0	20.0		0.823	0.021	0.019	0.033	0.033
-2.20	-2.10	20.0	25.0		0.889	0.013	0.012	0.000	0.000
-2.20	-2.10	25.0	30.0		0.928	0.008	0.007	0.000	0.000
-2.20	-2.10	30.0	35.0		0.952	0.005	0.005	0.008	0.008
-2.20	-2.10	35.0	40.0		0.954	0.004	0.003	0.000	0.000
-2.20	-2.10	40.0	45.0		0.952	0.003	0.003	0.000	0.000
-2.20	-2.10	45.0	50.0		0.963	0.004	0.003	0.000	0.000
-2.20	-2.10	50.0	60.0		0.968	0.005	0.004	0.005	0.005
-2.20	-2.10	60.0	100.0		0.989	0.007	0.005	0.014	0.014
-2.20	-2.10	100.0	200.0		0.985	0.034	0.013	0.000	0.000
-2.10	-1.57	0.0	10.0		0.003	0.002	0.004	0.010	0.010
-2.10	-1.57	10.0	12.0		0.053	0.012	0.015	0.016	0.016
-2.10	-1.57	12.0	13.0		0.202	0.027	0.030	0.060	0.060
-2.10	-1.57	13.0	14.0		0.380	0.031	0.032	0.038	0.038
-2.10	-1.57	14.0	15.0		0.559	0.029	0.029	0.000	0.000
-2.10	-1.57	15.0	20.0		0.802	0.008	0.008	0.000	0.000
-2.10	-1.57	20.0	25.0		0.902	0.005	0.004	0.006	0.006
-2.10	-1.57	25.0	30.0		0.935	0.003	0.003	0.004	0.004
-2.10	-1.57	30.0	35.0		0.943	0.002	0.002	0.000	0.000
-2.10	-1.57	35.0	40.0		0.952	0.001	0.001	0.004	0.004
-2.10	-1.57	40.0	45.0		0.964	0.001	0.001	0.000	0.000
-2.10	-1.57	45.0	50.0		0.972	0.001	0.001	0.003	0.003
-2.10	-1.57	50.0	60.0		0.973	0.002	0.002	0.004	0.004
-2.10	-1.57	60.0	100.0		0.974	0.003	0.003	0.007	0.007
-2.10	-1.57	100.0	200.0		0.974	0.010	0.007	0.011	0.011
-1.57	-1.44	0.0	10.0		0.000	0.000	0.022	0.000	0.000
-1.57	-1.44	10.0	12.0		0.056	0.030	0.051	0.000	0.000
-1.57	-1.44	12.0	13.0		0.075	0.041	0.068	0.139	0.139
-1.57	-1.44	13.0	14.0		0.377	0.073	0.078	0.086	0.086
-1.57	-1.44	14.0	15.0		0.475	0.071	0.072	0.000	0.000
-1.57	-1.44	15.0	20.0		0.786	0.023	0.021	0.064	0.064
-1.57	-1.44	20.0	25.0		0.846	0.014	0.013	0.000	0.000
-1.57	-1.44	25.0	30.0		0.859	0.010	0.010	0.011	0.011
-1.57	-1.44	30.0	35.0		0.889	0.007	0.006	0.017	0.017
-1.57	-1.44	35.0	40.0		0.923	0.004	0.004	0.020	0.020
-1.57	-1.44	40.0	45.0		0.922	0.004	0.004	0.005	0.005
-1.57	-1.44	45.0	50.0		0.940	0.005	0.004	0.009	0.009
-1.57	-1.44	50.0	60.0		0.940	0.007	0.007	0.000	0.000
-1.57	-1.44	60.0	100.0		0.940	0.015	0.012	0.023	0.023
-1.57	-1.44	100.0	200.0		1.000	0.026	0.000	0.042	0.042
-1.44	-0.80	0.0	10.0		0.001	0.001	0.003	0.000	0.000
-1.44	-0.80	10.0	12.0		0.031	0.009	0.011	0.000	0.000
-1.44	-0.80	12.0	13.0		0.245	0.027	0.029	0.081	0.081
-1.44	-0.80	13.0	14.0		0.489	0.029	0.029	0.000	0.000
-1.44	-0.80	14.0	15.0		0.647	0.026	0.025	0.050	0.050
-1.44	-0.80	15.0	20.0		0.832	0.007	0.006	0.022	0.022
-1.44	-0.80	20.0	25.0		0.864	0.004	0.004	0.006	0.006
-1.44	-0.80	25.0	30.0		0.883	0.003	0.003	0.004	0.004
-1.44	-0.80	30.0	35.0		0.898	0.002	0.002	0.003	0.003
-1.44	-0.80	35.0	40.0		0.915	0.001	0.001	0.000	0.000
-1.44	-0.80	40.0	45.0		0.925	0.001	0.001	0.002	0.002
-1.44	-0.80	45.0	50.0		0.929	0.001	0.001	0.000	0.000
-1.44	-0.80	50.0	60.0		0.932	0.002	0.002	0.005	0.005
-1.44	-0.80	60.0	100.0		0.945	0.004	0.003	0.000	0.000
-1.44	-0.80	100.0	200.0		0.961	0.008	0.007	0.000	0.000
-0.80	-0.40	0.0	10.0		0.000	0.000	0.005	0.000	0.000
-0.80	-0.40	10.0	12.0		0.045	0.014	0.018	0.000	0.000
-0.80	-0.40	12.0	13.0		0.354	0.039	0.041	0.000	0.000
-0.80	-0.40	13.0	14.0		0.679	0.035	0.033	0.105	0.105
-0.80	-0.40	14.0	15.0		0.815	0.029	0.026	0.000	0.000
-0.80	-0.40	15.0	20.0		0.874	0.007	0.007	0.017	0.017
-0.80	-0.40	20.0	25.0		0.887	0.005	0.004	0.000	0.000
-0.80	-0.40	25.0	30.0		0.882	0.003	0.003	0.005	0.005
-0.80	-0.40	30.0	35.0		0.894	0.002	0.002	0.000	0.000
-0.80	-0.40	35.0	40.0		0.915	0.002	0.002	0.003	0.003
-0.80	-0.40	40.0	45.0		0.925	0.001	0.001	0.002	0.002
-0.80	-0.40	45.0	50.0		0.935	0.002	0.002	0.006	0.006
-0.80	-0.40	50.0	60.0		0.942	0.002	0.002	0.000	0.000
-0.80	-0.40	60.0	100.0		0.955	0.004	0.004	0.004	0.004
-0.80	-0.40	100.0	200.0		0.967	0.010	0.008	0.014	0.014
-0.40	0.00	0.0	10.0		0.000	0.000	0.007	0.000	0.000
-0.40	0.00	10.0	12.0		0.053	0.015	0.019	0.024	0.024
-0.40	0.00	12.0	13.0		0.392	0.039	0.041	0.000	0.000
-0.40	0.00	13.0	14.0		0.708	0.034	0.032	0.000	0.000
-0.40	0.00	14.0	15.0		0.796	0.028	0.025	0.000	0.000
-0.40	0.00	15.0	20.0		0.876	0.007	0.007	0.000	0.000
-0.40	0.00	20.0	25.0		0.882	0.005	0.004	0.000	0.000
-0.40	0.00	25.0	30.0		0.880	0.003	0.003	0.005	0.005
-0.40	0.00	30.0	35.0		0.898	0.002	0.002	0.000	0.000
-0.40	0.00	35.0	40.0		0.917	0.002	0.002	0.002	0.002
-0.40	0.00	40.0	45.0		0.922	0.001	0.001	0.002	0.002
-0.40	0.00	45.0	50.0		0.930	0.002	0.002	0.004	0.004
-0.40	0.00	50.0	60.0		0.935	0.003	0.002	0.006	0.006
-0.40	0.00	60.0	100.0		0.954	0.004	0.004	0.010	0.010
-0.40	0.00	100.0	200.0		0.968	0.009	0.007	0.012	0.012
0.00	0.40	0.0	10.0		0.000	0.000	0.007	0.000	0.000
0.00	0.40	10.0	12.0		0.030	0.012	0.017	0.028	0.028
0.00	0.40	12.0	13.0		0.381	0.038	0.039	0.000	0.000
0.00	0.40	13.0	14.0		0.723	0.032	0.030	0.088	0.088
0.00	0.40	14.0	15.0		0.815	0.025	0.023	0.033	0.033
0.00	0.40	15.0	20.0		0.881	0.007	0.006	0.015	0.015
0.00	0.40	20.0	25.0		0.882	0.004	0.004	0.009	0.009
0.00	0.40	25.0	30.0		0.887	0.003	0.003	0.006	0.006
0.00	0.40	30.0	35.0		0.906	0.002	0.002	0.003	0.003
0.00	0.40	35.0	40.0		0.918	0.002	0.002	0.004	0.004
0.00	0.40	40.0	45.0		0.931	0.001	0.001	0.002	0.002
0.00	0.40	45.0	50.0		0.936	0.002	0.002	0.002	0.002
0.00	0.40	50.0	60.0		0.943	0.002	0.002	0.000	0.000
0.00	0.40	60.0	100.0		0.956	0.004	0.004	0.006	0.006
0.00	0.40	100.0	200.0		0.961	0.009	0.008	0.010	0.010
0.40	0.80	0.0	10.0		0.005	0.004	0.007	0.000	0.000
0.40	0.80	10.0	12.0		0.023	0.009	0.013	0.024	0.024
0.40	0.80	12.0	13.0		0.440	0.040	0.041	0.000	0.000
0.40	0.80	13.0	14.0		0.704	0.035	0.033	0.000	0.000
0.40	0.80	14.0	15.0		0.794	0.028	0.025	0.100	0.100
0.40	0.80	15.0	20.0		0.876	0.007	0.007	0.019	0.019
0.40	0.80	20.0	25.0		0.893	0.005	0.004	0.005	0.005
0.40	0.80	25.0	30.0		0.890	0.003	0.003	0.011	0.011
0.40	0.80	30.0	35.0		0.905	0.002	0.002	0.004	0.004
0.40	0.80	35.0	40.0		0.921	0.002	0.002	0.004	0.004
0.40	0.80	40.0	45.0		0.933	0.001	0.001	0.002	0.002
0.40	0.80	45.0	50.0		0.942	0.001	0.001	0.002	0.002
0.40	0.80	50.0	60.0		0.949	0.002	0.002	0.006	0.006
0.40	0.80	60.0	100.0		0.961	0.004	0.003	0.004	0.004
0.40	0.80	100.0	200.0		0.974	0.008	0.007	0.022	0.022
0.80	1.44	0.0	10.0		0.004	0.002	0.004	0.004	0.004
0.80	1.44	10.0	12.0		0.023	0.007	0.010	0.022	0.022
0.80	1.44	12.0	13.0		0.265	0.027	0.029	0.000	0.000
0.80	1.44	13.0	14.0		0.467	0.030	0.030	0.079	0.079
0.80	1.44	14.0	15.0		0.699	0.024	0.023	0.060	0.060
0.80	1.44	15.0	20.0		0.842	0.007	0.006	0.000	0.000
0.80	1.44	20.0	25.0		0.882	0.004	0.004	0.007	0.007
0.80	1.44	25.0	30.0		0.899	0.003	0.003	0.003	0.003
0.80	1.44	30.0	35.0		0.919	0.002	0.002	0.003	0.003
0.80	1.44	35.0	40.0		0.938	0.001	0.001	0.004	0.004
0.80	1.44	40.0	45.0		0.944	0.001	0.001	0.002	0.002
0.80	1.44	45.0	50.0		0.946	0.001	0.001	0.003	0.003
0.80	1.44	50.0	60.0		0.953	0.002	0.002	0.010	0.010
0.80	1.44	60.0	100.0		0.960	0.003	0.003	0.007	0.007
0.80	1.44	100.0	200.0		0.973	0.007	0.006	0.000	0.000
1.44	1.57	0.0	10.0		0.000	0.000	0.019	0.000	0.000
1.44	1.57	10.0	12.0		0.034	0.029	0.075	0.095	0.095
1.44	1.57	12.0	13.0		0.259	0.090	0.111	0.000	0.000
1.44	1.57	13.0	14.0		0.405	0.090	0.096	0.000	0.000
1.44	1.57	14.0	15.0		0.610	0.090	0.084	0.257	0.257
1.44	1.57	15.0	20.0		0.744	0.024	0.022	0.041	0.041
1.44	1.57	20.0	25.0		0.842	0.014	0.013	0.000	0.000
1.44	1.57	25.0	30.0		0.873	0.009	0.009	0.016	0.016
1.44	1.57	30.0	35.0		0.883	0.007	0.006	0.014	0.014
1.44	1.57	35.0	40.0		0.911	0.005	0.005	0.008	0.008
1.44	1.57	40.0	45.0		0.926	0.004	0.004	0.000	0.000
1.44	1.57	45.0	50.0		0.936	0.005	0.005	0.017	0.017
1.44	1.57	50.0	60.0		0.926	0.008	0.007	0.000	0.000
1.44	1.57	60.0	100.0		0.935	0.016	0.013	0.000	0.000
1.44	1.57	100.0	200.0		0.949	0.038	0.024	0.064	0.064
1.57	2.10	0.0	10.0		0.003	0.002	0.004	0.000	0.000
1.57	2.10	10.0	12.0		0.034	0.009	0.012	0.000	0.000
1.57	2.10	12.0	13.0		0.282	0.032	0.034	0.043	0.043
1.57	2.10	13.0	14.0		0.393	0.032	0.032	0.064	0.064
1.57	2.10	14.0	15.0		0.558	0.028	0.028	0.031	0.031
1.57	2.10	15.0	20.0		0.766	0.009	0.009	0.019	0.019
1.57	2.10	20.0	25.0		0.892	0.005	0.005	0.008	0.008
1.57	2.10	25.0	30.0		0.923	0.003	0.003	0.011	0.011
1.57	2.10	30.0	35.0		0.934	0.002	0.002	0.006	0.006
1.57	2.10	35.0	40.0		0.951	0.001	0.001	0.001	0.001
1.57	2.10	40.0	45.0		0.961	0.001	0.001	0.002	0.002
1.57	2.10	45.0	50.0		0.967	0.001	0.001	0.002	0.002
1.57	2.10	50.0	60.0		0.968	0.002	0.002	0.000	0.000
1.57	2.10	60.0	100.0		0.973	0.003	0.003	0.005	0.005
1.57	2.10	100.0	200.0		0.984	0.008	0.006	0.000	0.000
2.10	2.20	0.0	10.0		0.010	0.008	0.022	0.000	0.000
2.10	2.20	10.0	12.0		0.038	0.024	0.048	0.000	0.000
2.10	2.20	12.0	13.0		0.256	0.074	0.089	0.000	0.000
2.10	2.20	13.0	14.0		0.465	0.086	0.087	0.000	0.000
2.10	2.20	14.0	15.0		0.593	0.077	0.073	0.123	0.123
2.10	2.20	15.0	20.0		0.784	0.023	0.021	0.040	0.040
2.10	2.20	20.0	25.0		0.874	0.014	0.013	0.000	0.000
2.10	2.20	25.0	30.0		0.902	0.009	0.008	0.000	0.000
2.10	2.20	30.0	35.0		0.932	0.006	0.005	0.013	0.013
2.10	2.20	35.0	40.0		0.942	0.004	0.004	0.000	0.000
2.10	2.20	40.0	45.0		0.943	0.003	0.003	0.005	0.005
2.10	2.20	45.0	50.0		0.954	0.004	0.004	0.005	0.005
2.10	2.20	50.0	60.0		0.950	0.006	0.006	0.000	0.000
2.10	2.20	60.0	100.0		0.985	0.009	0.006	0.000	0.000
2.10	2.20	100.0	200.0		0.981	0.042	0.016	0.000	0.000
2.20	2.30	0.0	10.0		0.008	0.007	0.019	0.030	0.030
2.20	2.30	10.0	12.0		0.036	0.023	0.045	0.000	0.000
2.20	2.30	12.0	13.0		0.296	0.066	0.075	0.116	0.116
2.20	2.30	13.0	14.0		0.542	0.082	0.080	0.110	0.110
2.20	2.30	14.0	15.0		0.685	0.076	0.068	0.000	0.000
2.20	2.30	15.0	20.0		0.828	0.021	0.019	0.027	0.027
2.20	2.30	20.0	25.0		0.899	0.013	0.012	0.016	0.016
2.20	2.30	25.0	30.0		0.913	0.009	0.008	0.018	0.018
2.20	2.30	30.0	35.0		0.930	0.006	0.006	0.000	0.000
2.20	2.30	35.0	40.0		0.939	0.004	0.004	0.005	0.005
2.20	2.30	40.0	45.0		0.939	0.004	0.004	0.000	0.000
2.20	2.30	45.0	50.0		0.956	0.004	0.004	0.009	0.009
2.20	2.30	50.0	60.0		0.955	0.006	0.006	0.010	0.010
2.20	2.30	60.0	100.0		0.965	0.012	0.009	0.019	0.019
2.20	2.30	100.0	200.0		1.000	0.041	0.000	0.000	0.000
2.30	2.40	0.0	10.0		0.000	0.000	0.015	0.000	0.000
2.30	2.40	10.0	12.0		0.056	0.030	0.051	0.000	0.000
2.30	2.40	12.0	13.0		0.172	0.072	0.100	0.000	0.000
2.30	2.40	13.0	14.0		0.378	0.088	0.096	0.204	0.204
2.30	2.40	14.0	15.0		0.590	0.093	0.088	0.000	0.000
2.30	2.40	15.0	20.0		0.816	0.025	0.023	0.000	0.000
2.30	2.40	20.0	25.0		0.895	0.014	0.013	0.000	0.000
2.30	2.40	25.0	30.0		0.949	0.008	0.007	0.018	0.018
2.30	2.40	30.0	35.0		0.948	0.006	0.005	0.006	0.006
2.30	2.40	35.0	40.0		0.955	0.004	0.004	0.000	0.000
2.30	2.40	40.0	45.0		0.954	0.004	0.003	0.000	0.000
2.30	2.40	45.0	50.0		0.961	0.004	0.003	0.000	0.000
2.30	2.40	50.0	60.0		0.967	0.005	0.004	0.000	0.000
2.30	2.40	60.0	100.0		0.979	0.010	0.007	0.017	0.017
2.30	2.40	100.0	200.0		0.968	0.040	0.020	0.000	0.000
2.40	2.50	0.0	10.0		0.016	0.013	0.036	0.000	0.000
2.40	2.50	10.0	12.0		0.027	0.022	0.059	0.000	0.000
2.40	2.50	12.0	13.0		0.286	0.107	0.131	0.000	0.000
2.40	2.50	13.0	14.0		0.357	0.100	0.112	0.000	0.000
2.40	2.50	14.0	15.0		0.409	0.082	0.087	0.103	0.103
2.40	2.50	15.0	20.0		0.629	0.028	0.027	0.000	0.000
2.40	2.50	20.0	25.0		0.733	0.020	0.019	0.029	0.029
2.40	2.50	25.0	30.0		0.777	0.014	0.014	0.023	0.023
2.40	2.50	30.0	35.0		0.790	0.011	0.011	0.014	0.014
2.40	2.50	35.0	40.0		0.798	0.008	0.008	0.016	0.016
2.40	2.50	40.0	45.0		0.783	0.007	0.007	0.017	0.017
2.40	2.50	45.0	50.0		0.812	0.008	0.008	0.013	0.013
2.40	2.50	50.0	60.0		0.813	0.010	0.010	0.000	0.000
2.40	2.50	60.0	100.0		0.813	0.022	0.020	0.025	0.025
2.40	2.50	100.0	200.0		0.826	0.075	0.058	0.000	0.000
