-2.50	-2.40	5.0	15.0		0.000	0.000	0.008	0.000	0.000
-2.50	-2.40	15.0	25.0		0.000	0.000	0.002	0.000	0.000
-2.50	-2.40	25.0	28.0		0.002	0.002	0.005	0.000	0.000
-2.50	-2.40	28.0	29.5		0.045	0.011	0.015	0.017	0.017
-2.50	-2.40	29.5	30.5		0.193	0.026	0.029	0.064	0.064
-2.50	-2.40	30.5	31.5		0.241	0.027	0.029	0.066	0.066
-2.50	-2.40	31.5	32.5		0.403	0.030	0.031	0.074	0.074
-2.50	-2.40	32.5	33.5		0.409	0.029	0.030	0.063	0.063
-2.50	-2.40	33.5	34.5		0.448	0.028	0.028	0.070	0.070
-2.50	-2.40	34.5	36.0		0.495	0.021	0.021	0.000	0.000
-2.50	-2.40	36.0	39.0		0.564	0.013	0.013	0.022	0.022
-2.50	-2.40	39.0	42.5		0.590	0.010	0.010	0.011	0.011
-2.50	-2.40	42.5	47.5		0.624	0.008	0.008	0.015	0.015
-2.50	-2.40	47.5	55.0		0.615	0.011	0.010	0.016	0.016
-2.50	-2.40	55.0	80.0		0.688	0.018	0.018	0.045	0.045
-2.40	-2.30	5.0	15.0		0.000	0.000	0.007	0.000	0.000
-2.40	-2.30	15.0	25.0		0.000	0.000	0.002	0.000	0.000
-2.40	-2.30	25.0	28.0		0.000	0.000	0.003	0.000	0.000
-2.40	-2.30	28.0	29.5		0.037	0.010	0.012	0.000	0.000
-2.40	-2.30	29.5	30.5		0.188	0.025	0.027	0.055	0.055
-2.40	-2.30	30.5	31.5		0.318	0.029	0.031	0.066	0.066
-2.40	-2.30	31.5	32.5		0.526	0.029	0.029	0.066	0.066
-2.40	-2.30	32.5	33.5		0.583	0.029	0.029	0.037	0.037
-2.40	-2.30	33.5	34.5		0.616	0.027	0.027	0.031	0.031
-2.40	-2.30	34.5	36.0		0.652	0.020	0.019	0.027	0.027
-2.40	-2.30	36.0	39.0		0.720	0.012	0.011	0.000	0.000
-2.40	-2.30	39.0	42.5		0.762	0.009	0.009	0.000	0.000
-2.40	-2.30	42.5	47.5		0.785	0.007	0.007	0.012	0.012
-2.40	-2.30	47.5	55.0		0.808	0.008	0.008	0.000	0.000
-2.40	-2.30	55.0	80.0		0.808	0.016	0.015	0.036	0.036
-2.30	-2.20	5.0	15.0		0.000	0.000	0.006	0.000	0.000
-2.30	-2.20	15.0	25.0		0.000	0.000	0.002	0.000	0.000
-2.30	-2.20	25.0	28.0		0.002	0.001	0.004	0.000	0.000
-2.30	-2.20	28.0	29.5		0.039	0.010	0.013	0.029	0.029
-2.30	-2.20	29.5	30.5		0.299	0.027	0.028	0.073	0.073
-2.30	-2.20	30.5	31.5		0.497	0.029	0.029	0.046	0.046
-2.30	-2.20	31.5	32.5		0.599	0.027	0.026	0.053	0.053
-2.30	-2.20	32.5	33.5		0.657	0.024	0.024	0.000	0.000
-2.30	-2.20	33.5	34.5		0.726	0.022	0.021	0.081	0.081
-2.30	-2.20	34.5	36.0		0.717	0.017	0.017	0.000	0.000
-2.30	-2.20	36.0	39.0		0.771	0.010	0.010	0.011	0.011
-2.30	-2.20	39.0	42.5		0.787	0.008	0.008	0.013	0.013
-2.30	-2.20	42.5	47.5		0.820	0.006	0.006	0.016	0.016
-2.30	-2.20	47.5	55.0		0.834	0.008	0.008	0.017	0.017
-2.30	-2.20	55.0	80.0		0.853	0.014	0.013	0.028	0.028
-2.20	-2.10	5.0	15.0		0.000	0.000	0.006	0.000	0.000
-2.20	-2.10	15.0	25.0		0.005	0.002	0.003	0.000	0.000
-2.20	-2.10	25.0	28.0		0.013	0.004	0.006	0.000	0.000
-2.20	-2.10	28.0	29.5		0.037	0.009	0.011	0.029	0.029
-2.20	-2.10	29.5	30.5		0.208	0.023	0.024	0.057	0.057
-2.20	-2.10	30.5	31.5		0.407	0.028	0.029	0.093	0.093
-2.20	-2.10	31.5	32.5		0.587	0.027	0.027	0.051	0.051
-2.20	-2.10	32.5	33.5		0.689	0.024	0.023	0.000	0.000
-2.20	-2.10	33.5	34.5		0.703	0.022	0.021	0.029	0.029
-2.20	-2.10	34.5	36.0		0.761	0.015	0.015	0.063	0.063
-2.20	-2.10	36.0	39.0		0.777	0.009	0.009	0.022	0.022
-2.20	-2.10	39.0	42.5		0.807	0.007	0.007	0.022	0.022
-2.20	-2.10	42.5	47.5		0.815	0.006	0.006	0.018	0.018
-2.20	-2.10	47.5	55.0		0.834	0.008	0.008	0.013	0.013
-2.20	-2.10	55.0	80.0		0.856	0.014	0.013	0.028	0.028
-2.10	-1.57	5.0	15.0		0.000	0.000	0.001	0.000	0.000
-2.10	-1.57	15.0	25.0		0.004	0.001	0.001	0.003	0.003
-2.10	-1.57	25.0	28.0		0.010	0.002	0.002	0.002	0.002
-2.10	-1.57	28.0	29.5		0.041	0.004	0.004	0.007	0.007
-2.10	-1.57	29.5	30.5		0.168	0.008	0.008	0.014	0.014
-2.10	-1.57	30.5	31.5		0.343	0.010	0.010	0.028	0.028
-2.10	-1.57	31.5	32.5		0.479	0.010	0.010	0.015	0.015
-2.10	-1.57	32.5	33.5		0.579	0.009	0.009	0.016	0.016
-2.10	-1.57	33.5	34.5		0.665	0.008	0.008	0.011	0.011
-2.10	-1.57	34.5	36.0		0.724	0.006	0.006	0.018	0.018
-2.10	-1.57	36.0	39.0		0.765	0.003	0.003	0.000	0.000
-2.10	-1.57	39.0	42.5		0.812	0.003	0.003	0.003	0.003
-2.10	-1.57	42.5	47.5		0.838	0.002	0.002	0.000	0.000
-2.10	-1.57	47.5	55.0		0.848	0.003	0.003	0.008	0.008
-2.10	-1.57	55.0	80.0		0.876	0.005	0.005	0.021	0.021
-1.57	-1.44	5.0	15.0		0.000	0.000	0.007	0.000	0.000
-1.57	-1.44	15.0	25.0		0.006	0.002	0.003	0.006	0.006
-1.57	-1.44	25.0	28.0		0.019	0.005	0.007	0.008	0.008
-1.57	-1.44	28.0	29.5		0.077	0.013	0.015	0.033	0.033
-1.57	-1.44	29.5	30.5		0.150	0.020	0.022	0.000	0.000
-1.57	-1.44	30.5	31.5		0.314	0.024	0.025	0.000	0.000
-1.57	-1.44	31.5	32.5		0.445	0.024	0.024	0.066	0.066
-1.57	-1.44	32.5	33.5		0.531	0.022	0.022	0.000	0.000
-1.57	-1.44	33.5	34.5		0.567	0.022	0.021	0.026	0.026
-1.57	-1.44	34.5	36.0		0.614	0.016	0.016	0.019	0.019
-1.57	-1.44	36.0	39.0		0.705	0.009	0.009	0.000	0.000
-1.57	-1.44	39.0	42.5		0.755	0.008	0.007	0.011	0.011
-1.57	-1.44	42.5	47.5		0.791	0.006	0.006	0.000	0.000
-1.57	-1.44	47.5	55.0		0.794	0.009	0.009	0.000	0.000
-1.57	-1.44	55.0	80.0		0.814	0.017	0.016	0.034	0.034
-1.44	-0.80	5.0	15.0		0.000	0.000	0.001	0.001	0.001
-1.44	-0.80	15.0	25.0		0.002	0.000	0.000	0.001	0.001
-1.44	-0.80	25.0	28.0		0.004	0.001	0.001	0.001	0.001
-1.44	-0.80	28.0	29.5		0.017	0.002	0.002	0.002	0.002
-1.44	-0.80	29.5	30.5		0.133	0.006	0.006	0.010	0.010
-1.44	-0.80	30.5	31.5		0.334	0.007	0.007	0.021	0.021
-1.44	-0.80	31.5	32.5		0.509	0.007	0.007	0.013	0.013
-1.44	-0.80	32.5	33.5		0.573	0.007	0.007	0.029	0.029
-1.44	-0.80	33.5	34.5		0.649	0.006	0.006	0.019	0.019
-1.44	-0.80	34.5	36.0		0.705	0.004	0.004	0.000	0.000
-1.44	-0.80	36.0	39.0		0.755	0.003	0.003	0.005	0.005
-1.44	-0.80	39.0	42.5		0.783	0.002	0.002	0.000	0.000
-1.44	-0.80	42.5	47.5		0.801	0.002	0.002	0.004	0.004
-1.44	-0.80	47.5	55.0		0.814	0.003	0.002	0.004	0.004
-1.44	-0.80	55.0	80.0		0.837	0.004	0.004	0.014	0.014
-0.80	-0.40	5.0	15.0		0.000	0.000	0.002	0.000	0.000
-0.80	-0.40	15.0	25.0		0.002	0.000	0.001	0.002	0.002
-0.80	-0.40	25.0	28.0		0.003	0.001	0.001	0.002	0.002
-0.80	-0.40	28.0	29.5		0.010	0.002	0.002	0.000	0.000
-0.80	-0.40	29.5	30.5		0.129	0.006	0.007	0.014	0.014
-0.80	-0.40	30.5	31.5		0.396	0.009	0.009	0.000	0.000
-0.80	-0.40	31.5	32.5		0.575	0.009	0.008	0.017	0.017
-0.80	-0.40	32.5	33.5		0.672	0.008	0.008	0.015	0.015
-0.80	-0.40	33.5	34.5		0.712	0.007	0.007	0.017	0.017
-0.80	-0.40	34.5	36.0		0.742	0.005	0.005	0.017	0.017
-0.80	-0.40	36.0	39.0		0.776	0.003	0.003	0.004	0.004
-0.80	-0.40	39.0	42.5		0.792	0.002	0.002	0.003	0.003
-0.80	-0.40	42.5	47.5		0.809	0.002	0.002	0.003	0.003
-0.80	-0.40	47.5	55.0		0.829	0.003	0.003	0.000	0.000
-0.80	-0.40	55.0	80.0		0.855	0.005	0.005	0.006	0.006
-0.40	0.00	5.0	15.0		0.000	0.000	0.002	0.000	0.000
-0.40	0.00	15.0	25.0		0.000	0.000	0.000	0.000	0.000
-0.40	0.00	25.0	28.0		0.002	0.001	0.001	0.001	0.001
-0.40	0.00	28.0	29.5		0.006	0.001	0.002	0.000	0.000
-0.40	0.00	29.5	30.5		0.112	0.006	0.007	0.012	0.012
-0.40	0.00	30.5	31.5		0.409	0.009	0.009	0.000	0.000
-0.40	0.00	31.5	32.5		0.575	0.009	0.009	0.000	0.000
-0.40	0.00	32.5	33.5		0.668	0.008	0.008	0.012	0.012
-0.40	0.00	33.5	34.5		0.694	0.007	0.007	0.000	0.000
-0.40	0.00	34.5	36.0		0.722	0.005	0.005	0.006	0.006
-0.40	0.00	36.0	39.0		0.772	0.003	0.003	0.007	0.007
-0.40	0.00	39.0	42.5		0.781	0.002	0.002	0.008	0.008
-0.40	0.00	42.5	47.5		0.796	0.002	0.002	0.004	0.004
-0.40	0.00	47.5	55.0		0.815	0.003	0.003	0.006	0.006
-0.40	0.00	55.0	80.0		0.849	0.005	0.005	0.000	0.000
0.00	0.40	5.0	15.0		0.000	0.000	0.002	0.000	0.000
0.00	0.40	15.0	25.0		0.001	0.000	0.000	0.000	0.000
0.00	0.40	25.0	28.0		0.001	0.000	0.001	0.000	0.000
0.00	0.40	28.0	29.5		0.007	0.001	0.002	0.000	0.000
0.00	0.40	29.5	30.5		0.131	0.007	0.007	0.000	0.000
0.00	0.40	30.5	31.5		0.422	0.009	0.009	0.017	0.017
0.00	0.40	31.5	32.5		0.608	0.009	0.009	0.014	0.014
0.00	0.40	32.5	33.5		0.680	0.008	0.008	0.009	0.009
0.00	0.40	33.5	34.5		0.713	0.007	0.007	0.016	0.016
0.00	0.40	34.5	36.0		0.734	0.005	0.005	0.000	0.000
0.00	0.40	36.0	39.0		0.773	0.003	0.003	0.000	0.000
0.00	0.40	39.0	42.5		0.791	0.002	0.002	0.000	0.000
0.00	0.40	42.5	47.5		0.803	0.002	0.002	0.003	0.003
0.00	0.40	47.5	55.0		0.825	0.003	0.003	0.005	0.005
0.00	0.40	55.0	80.0		0.859	0.005	0.005	0.008	0.008
0.40	0.80	5.0	15.0		0.000	0.000	0.001	0.000	0.000
0.40	0.80	15.0	25.0		0.000	0.000	0.000	0.000	0.000
0.40	0.80	25.0	28.0		0.004	0.001	0.001	0.000	0.000
0.40	0.80	28.0	29.5		0.014	0.002	0.002	0.004	0.004
0.40	0.80	29.5	30.5		0.146	0.007	0.007	0.000	0.000
0.40	0.80	30.5	31.5		0.427	0.009	0.009	0.029	0.029
0.40	0.80	31.5	32.5		0.600	0.009	0.009	0.016	0.016
0.40	0.80	32.5	33.5		0.695	0.008	0.008	0.010	0.010
0.40	0.80	33.5	34.5		0.743	0.007	0.007	0.010	0.010
0.40	0.80	34.5	36.0		0.750	0.005	0.005	0.009	0.009
0.40	0.80	36.0	39.0		0.785	0.003	0.003	0.004	0.004
0.40	0.80	39.0	42.5		0.802	0.002	0.002	0.000	0.000
0.40	0.80	42.5	47.5		0.819	0.002	0.002	0.004	0.004
0.40	0.80	47.5	55.0		0.833	0.003	0.003	0.006	0.006
0.40	0.80	55.0	80.0		0.865	0.005	0.005	0.006	0.006
0.80	1.44	5.0	15.0		0.000	0.000	0.001	0.000	0.000
0.80	1.44	15.0	25.0		0.000	0.000	0.000	0.000	0.000
0.80	1.44	25.0	28.0		0.003	0.001	0.001	0.000	0.000
0.80	1.44	28.0	29.5		0.018	0.002	0.002	0.002	0.002
0.80	1.44	29.5	30.5		0.147	0.006	0.006	0.017	0.017
0.80	1.44	30.5	31.5		0.350	0.008	0.008	0.000	0.000
0.80	1.44	31.5	32.5		0.526	0.008	0.008	0.000	0.000
0.80	1.44	32.5	33.5		0.622	0.007	0.007	0.019	0.019
0.80	1.44	33.5	34.5		0.692	0.006	0.006	0.015	0.015
0.80	1.44	34.5	36.0		0.729	0.004	0.004	0.007	0.007
0.80	1.44	36.0	39.0		0.778	0.003	0.002	0.010	0.010
0.80	1.44	39.0	42.5		0.802	0.002	0.002	0.002	0.002
0.80	1.44	42.5	47.5		0.816	0.002	0.002	0.005	0.005
0.80	1.44	47.5	55.0		0.831	0.002	0.002	0.004	0.004
0.80	1.44	55.0	80.0		0.865	0.004	0.004	0.004	0.004
1.44	1.57	5.0	15.0		0.000	0.000	0.008	0.000	0.000
1.44	1.57	15.0	25.0		0.003	0.001	0.003	0.000	0.000
1.44	1.57	25.0	28.0		0.006	0.003	0.004	0.000	0.000
1.44	1.57	28.0	29.5		0.050	0.010	0.012	0.012	0.012
1.44	1.57	29.5	30.5		0.123	0.018	0.020	0.020	0.020
1.44	1.57	30.5	31.5		0.302	0.023	0.024	0.000	0.000
1.44	1.57	31.5	32.5		0.467	0.025	0.025	0.060	0.060
1.44	1.57	32.5	33.5		0.521	0.023	0.023	0.041	0.041
1.44	1.57	33.5	34.5		0.532	0.021	0.021	0.089	0.089
1.44	1.57	34.5	36.0		0.643	0.016	0.015	0.000	0.000
1.44	1.57	36.0	39.0		0.703	0.010	0.010	0.012	0.012
1.44	1.57	39.0	42.5		0.759	0.008	0.007	0.018	0.018
1.44	1.57	42.5	47.5		0.783	0.007	0.007	0.000	0.000
1.44	1.57	47.5	55.0		0.796	0.009	0.009	0.014	0.014
1.44	1.57	55.0	80.0		0.788	0.018	0.017	0.000	0.000
1.57	2.10	5.0	15.0		0.000	0.000	0.001	0.000	0.000
1.57	2.10	15.0	25.0		0.002	0.001	0.001	0.000	0.000
1.57	2.10	25.0	28.0		0.008	0.001	0.002	0.004	0.004
1.57	2.10	28.0	29.5		0.041	0.004	0.004	0.004	0.004
1.57	2.10	29.5	30.5		0.165	0.008	0.008	0.000	0.000
1.57	2.10	30.5	31.5		0.346	0.010	0.010	0.017	0.017
1.57	2.10	31.5	32.5		0.496	0.009	0.009	0.000	0.000
1.57	2.10	32.5	33.5		0.573	0.009	0.009	0.012	0.012
1.57	2.10	33.5	34.5		0.643	0.008	0.008	0.011	0.011
1.57	2.10	34.5	36.0		0.697	0.006	0.006	0.011	0.011
1.57	2.10	36.0	39.0		0.759	0.003	0.003	0.004	0.004
1.57	2.10	39.0	42.5		0.802	0.003	0.003	0.003	0.003
1.57	2.10	42.5	47.5		0.828	0.002	0.002	0.004	0.004
1.57	2.10	47.5	55.0		0.843	0.003	0.003	0.004	0.004
1.57	2.10	55.0	80.0		0.860	0.005	0.005	0.000	0.000
2.10	2.20	5.0	15.0		0.000	0.000	0.007	0.000	0.000
2.10	2.20	15.0	25.0		0.004	0.002	0.003	0.000	0.000
2.10	2.20	25.0	28.0		0.023	0.006	0.007	0.014	0.014
2.10	2.20	28.0	29.5		0.070	0.012	0.015	0.017	0.017
2.10	2.20	29.5	30.5		0.205	0.022	0.023	0.042	0.042
2.10	2.20	30.5	31.5		0.408	0.026	0.026	0.000	0.000
2.10	2.20	31.5	32.5		0.541	0.026	0.025	0.000	0.000
2.10	2.20	32.5	33.5		0.606	0.023	0.023	0.066	0.066
2.10	2.20	33.5	34.5		0.688	0.021	0.021	0.000	0.000
2.10	2.20	34.5	36.0		0.697	0.016	0.015	0.000	0.000
2.10	2.20	36.0	39.0		0.737	0.010	0.009	0.014	0.014
2.10	2.20	39.0	42.5		0.772	0.007	0.007	0.000	0.000
2.10	2.20	42.5	47.5		0.797	0.006	0.006	0.010	0.010
2.10	2.20	47.5	55.0		0.816	0.009	0.008	0.015	0.015
2.10	2.20	55.0	80.0		0.845	0.015	0.014	0.000	0.000
2.20	2.30	5.0	15.0		0.000	0.000	0.006	0.000	0.000
2.20	2.30	15.0	25.0		0.008	0.003	0.004	0.000	0.000
2.20	2.30	25.0	28.0		0.014	0.004	0.006	0.007	0.007
2.20	2.30	28.0	29.5		0.060	0.012	0.014	0.018	0.018
2.20	2.30	29.5	30.5		0.241	0.024	0.026	0.027	0.027
2.20	2.30	30.5	31.5		0.393	0.028	0.029	0.058	0.058
2.20	2.30	31.5	32.5		0.508	0.027	0.027	0.082	0.082
2.20	2.30	32.5	33.5		0.615	0.024	0.024	0.029	0.029
2.20	2.30	33.5	34.5		0.651	0.023	0.023	0.069	0.069
2.20	2.30	34.5	36.0		0.688	0.017	0.016	0.045	0.045
2.20	2.30	36.0	39.0		0.748	0.010	0.010	0.023	0.023
2.20	2.30	39.0	42.5		0.774	0.008	0.008	0.030	0.030
2.20	2.30	42.5	47.5		0.791	0.006	0.006	0.007	0.007
2.20	2.30	47.5	55.0		0.815	0.009	0.008	0.000	0.000
2.20	2.30	55.0	80.0		0.848	0.015	0.014	0.026	0.026
2.30	2.40	5.0	15.0		0.000	0.000	0.007	0.000	0.000
2.30	2.40	15.0	25.0		0.000	0.000	0.002	0.000	0.000
2.30	2.40	25.0	28.0		0.002	0.002	0.004	0.000	0.000
2.30	2.40	28.0	29.5		0.031	0.009	0.012	0.000	0.000
2.30	2.40	29.5	30.5		0.159	0.022	0.024	0.000	0.000
2.30	2.40	30.5	31.5		0.320	0.030	0.031	0.047	0.047
2.30	2.40	31.5	32.5		0.423	0.026	0.027	0.046	0.046
2.30	2.40	32.5	33.5		0.495	0.026	0.026	0.000	0.000
2.30	2.40	33.5	34.5		0.511	0.028	0.028	0.000	0.000
2.30	2.40	34.5	36.0		0.606	0.020	0.019	0.038	0.038
2.30	2.40	36.0	39.0		0.697	0.012	0.012	0.018	0.018
2.30	2.40	39.0	42.5		0.749	0.009	0.009	0.010	0.010
2.30	2.40	42.5	47.5		0.788	0.007	0.007	0.021	0.021
2.30	2.40	47.5	55.0		0.793	0.009	0.008	0.014	0.014
2.30	2.40	55.0	80.0		0.807	0.015	0.015	0.037	0.037
2.40	2.50	5.0	15.0		0.000	0.000	0.010	0.000	0.000
2.40	2.50	15.0	25.0		0.000	0.000	0.002	0.000	0.000
2.40	2.50	25.0	28.0		0.000	0.000	0.004	0.000	0.000
2.40	2.50	28.0	29.5		0.015	0.006	0.010	0.000	0.000
2.40	2.50	29.5	30.5		0.072	0.016	0.020	0.000	0.000
2.40	2.50	30.5	31.5		0.126	0.021	0.024	0.077	0.077
2.40	2.50	31.5	32.5		0.215	0.024	0.026	0.000	0.000
2.40	2.50	32.5	33.5		0.354	0.029	0.030	0.000	0.000
2.40	2.50	33.5	34.5		0.327	0.026	0.027	0.048	0.048
2.40	2.50	34.5	36.0		0.425	0.021	0.021	0.031	0.031
2.40	2.50	36.0	39.0		0.476	0.013	0.013	0.039	0.039
2.40	2.50	39.0	42.5		0.521	0.011	0.011	0.023	0.023
2.40	2.50	42.5	47.5		0.579	0.009	0.009	0.023	0.023
2.40	2.50	47.5	55.0		0.612	0.010	0.010	0.019	0.019
2.40	2.50	55.0	80.0		0.623	0.019	0.019	0.000	0.000
