-2.40	-2.10	5.0	15.0		0.000	0.000	0.009	0.000	0.000
-2.40	-2.10	15.0	21.5		0.000	0.000	0.005	0.000	0.000
-2.40	-2.10	21.5	24.0		0.008	0.005	0.011	0.027	0.027
-2.40	-2.10	24.0	25.5		0.691	0.042	0.040	0.000	0.000
-2.40	-2.10	25.5	26.5		0.702	0.047	0.043	0.054	0.054
-2.40	-2.10	26.5	27.5		0.774	0.037	0.033	0.098	0.098
-2.40	-2.10	27.5	28.5		0.770	0.038	0.034	0.000	0.000
-2.40	-2.10	28.5	29.5		0.758	0.033	0.031	0.039	0.039
-2.40	-2.10	29.5	32.5		0.803	0.015	0.015	0.020	0.020
-2.40	-2.10	32.5	37.5		0.833	0.010	0.009	0.019	0.019
-2.40	-2.10	37.5	42.5		0.828	0.009	0.009	0.000	0.000
-2.40	-2.10	42.5	47.5		0.844	0.009	0.008	0.009	0.009
-2.40	-2.10	47.5	55.0		0.834	0.012	0.011	0.017	0.017
-2.40	-2.10	55.0	80.0		0.855	0.018	0.016	0.040	0.040
-2.40	-2.10	80.0	150.0		0.862	0.057	0.044	0.000	0.000
-2.10	-1.60	5.0	15.0		0.000	0.000	0.006	0.000	0.000
-2.10	-1.60	15.0	21.5		0.000	0.000	0.003	0.000	0.000
-2.10	-1.60	21.5	24.0		0.016	0.006	0.008	0.011	0.011
-2.10	-1.60	24.0	25.5		0.863	0.022	0.019	0.056	0.056
-2.10	-1.60	25.5	26.5		0.902	0.022	0.019	0.000	0.000
-2.10	-1.60	26.5	27.5		0.883	0.022	0.019	0.034	0.034
-2.10	-1.60	27.5	28.5		0.849	0.022	0.020	0.054	0.054
-2.10	-1.60	28.5	29.5		0.887	0.020	0.018	0.000	0.000
-2.10	-1.60	29.5	32.5		0.889	0.009	0.009	0.010	0.010
-2.10	-1.60	32.5	37.5		0.893	0.006	0.006	0.013	0.013
-2.10	-1.60	37.5	42.5		0.908	0.004	0.004	0.008	0.008
-2.10	-1.60	42.5	47.5		0.912	0.004	0.004	0.013	0.013
-2.10	-1.60	47.5	55.0		0.910	0.006	0.006	0.013	0.013
-2.10	-1.60	55.0	80.0		0.895	0.010	0.009	0.015	0.015
-2.10	-1.60	80.0	150.0		0.855	0.032	0.027	0.074	0.074
-1.60	-1.20	5.0	15.0		0.000	0.000	0.008	0.000	0.000
-1.60	-1.20	15.0	21.5		0.007	0.004	0.007	0.007	0.007
-1.60	-1.20	21.5	24.0		0.045	0.012	0.015	0.019	0.019
-1.60	-1.20	24.0	25.5		0.783	0.029	0.027	0.075	0.075
-1.60	-1.20	25.5	26.5		0.870	0.030	0.026	0.000	0.000
-1.60	-1.20	26.5	27.5		0.868	0.029	0.025	0.046	0.046
-1.60	-1.20	27.5	28.5		0.868	0.027	0.023	0.041	0.041
-1.60	-1.20	28.5	29.5		0.911	0.020	0.017	0.037	0.037
-1.60	-1.20	29.5	32.5		0.891	0.010	0.010	0.030	0.030
-1.60	-1.20	32.5	37.5		0.898	0.006	0.006	0.019	0.019
-1.60	-1.20	37.5	42.5		0.923	0.004	0.004	0.006	0.006
-1.60	-1.20	42.5	47.5		0.925	0.004	0.004	0.007	0.007
-1.60	-1.20	47.5	55.0		0.939	0.005	0.005	0.009	0.009
-1.60	-1.20	55.0	80.0		0.939	0.008	0.007	0.000	0.000
-1.60	-1.20	80.0	150.0		0.949	0.022	0.016	0.000	0.000
-1.20	-0.80	5.0	15.0		0.000	0.000	0.010	0.000	0.000
-1.20	-0.80	15.0	21.5		0.000	0.000	0.004	0.000	0.000
-1.20	-0.80	21.5	24.0		0.019	0.008	0.011	0.012	0.012
-1.20	-0.80	24.0	25.5		0.853	0.024	0.021	0.041	0.041
-1.20	-0.80	25.5	26.5		0.861	0.027	0.024	0.000	0.000
-1.20	-0.80	26.5	27.5		0.886	0.025	0.021	0.000	0.000
-1.20	-0.80	27.5	28.5		0.920	0.021	0.017	0.000	0.000
-1.20	-0.80	28.5	29.5		0.920	0.018	0.015	0.019	0.019
-1.20	-0.80	29.5	32.5		0.908	0.009	0.008	0.000	0.000
-1.20	-0.80	32.5	37.5		0.930	0.005	0.004	0.000	0.000
-1.20	-0.80	37.5	42.5		0.925	0.004	0.004	0.004	0.004
-1.20	-0.80	42.5	47.5		0.932	0.004	0.004	0.000	0.000
-1.20	-0.80	47.5	55.0		0.935	0.005	0.005	0.000	0.000
-1.20	-0.80	55.0	80.0		0.929	0.008	0.007	0.022	0.022
-1.20	-0.80	80.0	150.0		0.912	0.024	0.020	0.000	0.000
-0.80	-0.30	5.0	15.0		0.000	0.000	0.009	0.000	0.000
-0.80	-0.30	15.0	21.5		0.000	0.000	0.002	0.000	0.000
-0.80	-0.30	21.5	24.0		0.005	0.003	0.005	0.000	0.000
-0.80	-0.30	24.0	25.5		0.903	0.016	0.014	0.000	0.000
-0.80	-0.30	25.5	26.5		0.923	0.017	0.015	0.000	0.000
-0.80	-0.30	26.5	27.5		0.937	0.014	0.012	0.037	0.037
-0.80	-0.30	27.5	28.5		0.951	0.012	0.010	0.000	0.000
-0.80	-0.30	28.5	29.5		0.946	0.011	0.009	0.018	0.018
-0.80	-0.30	29.5	32.5		0.951	0.005	0.005	0.000	0.000
-0.80	-0.30	32.5	37.5		0.959	0.003	0.003	0.005	0.005
-0.80	-0.30	37.5	42.5		0.959	0.002	0.002	0.000	0.000
-0.80	-0.30	42.5	47.5		0.959	0.003	0.002	0.000	0.000
-0.80	-0.30	47.5	55.0		0.953	0.004	0.003	0.010	0.010
-0.80	-0.30	55.0	80.0		0.950	0.006	0.005	0.022	0.022
-0.80	-0.30	80.0	150.0		0.946	0.017	0.013	0.018	0.018
-0.30	-0.20	5.0	15.0		0.000	0.000	0.058	0.000	0.000
-0.30	-0.20	15.0	21.5		0.000	0.000	0.011	0.000	0.000
-0.30	-0.20	21.5	24.0		0.000	0.000	0.016	0.000	0.000
-0.30	-0.20	24.0	25.5		0.813	0.045	0.039	0.000	0.000
-0.30	-0.20	25.5	26.5		0.809	0.060	0.050	0.000	0.000
-0.30	-0.20	26.5	27.5		0.873	0.049	0.038	0.051	0.051
-0.30	-0.20	27.5	28.5		0.888	0.041	0.032	0.000	0.000
-0.30	-0.20	28.5	29.5		0.849	0.040	0.034	0.000	0.000
-0.30	-0.20	29.5	32.5		0.865	0.018	0.016	0.033	0.033
-0.30	-0.20	32.5	37.5		0.886	0.011	0.010	0.000	0.000
-0.30	-0.20	37.5	42.5		0.870	0.010	0.009	0.010	0.010
-0.30	-0.20	42.5	47.5		0.881	0.009	0.009	0.000	0.000
-0.30	-0.20	47.5	55.0		0.879	0.013	0.012	0.035	0.035
-0.30	-0.20	55.0	80.0		0.863	0.021	0.019	0.000	0.000
-0.30	-0.20	80.0	150.0		0.811	0.070	0.056	0.072	0.072
-0.20	0.20	5.0	15.0		0.000	0.000	0.010	0.000	0.000
-0.20	0.20	15.0	21.5		0.000	0.000	0.003	0.000	0.000
-0.20	0.20	21.5	24.0		0.009	0.004	0.006	0.000	0.000
-0.20	0.20	24.0	25.5		0.906	0.016	0.014	0.018	0.018
-0.20	0.20	25.5	26.5		0.918	0.017	0.015	0.031	0.031
-0.20	0.20	26.5	27.5		0.943	0.015	0.012	0.000	0.000
-0.20	0.20	27.5	28.5		0.943	0.013	0.011	0.016	0.016
-0.20	0.20	28.5	29.5		0.947	0.012	0.010	0.000	0.000
-0.20	0.20	29.5	32.5		0.945	0.006	0.005	0.009	0.009
-0.20	0.20	32.5	37.5		0.952	0.003	0.003	0.000	0.000
-0.20	0.20	37.5	42.5		0.952	0.003	0.003	0.005	0.005
-0.20	0.20	42.5	47.5		0.950	0.003	0.003	0.006	0.006
-0.20	0.20	47.5	55.0		0.953	0.004	0.004	0.009	0.009
-0.20	0.20	55.0	80.0		0.943	0.007	0.006	0.009	0.009
-0.20	0.20	80.0	150.0		0.951	0.019	0.014	0.000	0.000
0.20	0.30	5.0	15.0		0.000	0.000	0.056	0.000	0.000
0.20	0.30	15.0	21.5		0.000	0.000	0.013	0.000	0.000
0.20	0.30	21.5	24.0		0.000	0.000	0.016	0.000	0.000
0.20	0.30	24.0	25.5		0.789	0.052	0.045	0.062	0.062
0.20	0.30	25.5	26.5		0.857	0.055	0.043	0.000	0.000
0.20	0.30	26.5	27.5		0.852	0.048	0.039	0.078	0.078
0.20	0.30	27.5	28.5		0.886	0.045	0.034	0.074	0.074
0.20	0.30	28.5	29.5		0.889	0.039	0.031	0.000	0.000
0.20	0.30	29.5	32.5		0.873	0.018	0.016	0.019	0.019
0.20	0.30	32.5	37.5		0.871	0.011	0.011	0.000	0.000
0.20	0.30	37.5	42.5		0.873	0.010	0.009	0.021	0.021
0.20	0.30	42.5	47.5		0.897	0.009	0.009	0.016	0.016
0.20	0.30	47.5	55.0		0.890	0.013	0.011	0.000	0.000
0.20	0.30	55.0	80.0		0.892	0.019	0.017	0.023	0.023
0.20	0.30	80.0	150.0		0.865	0.065	0.048	0.000	0.000
0.30	0.80	5.0	15.0		0.000	0.000	0.007	0.000	0.000
0.30	0.80	15.0	21.5		0.000	0.000	0.002	0.000	0.000
0.30	0.80	21.5	24.0		0.005	0.003	0.005	0.006	0.006
0.30	0.80	24.0	25.5		0.907	0.016	0.014	0.035	0.035
0.30	0.80	25.5	26.5		0.930	0.017	0.014	0.017	0.017
0.30	0.80	26.5	27.5		0.945	0.013	0.011	0.017	0.017
0.30	0.80	27.5	28.5		0.952	0.012	0.010	0.000	0.000
0.30	0.80	28.5	29.5		0.949	0.011	0.009	0.016	0.016
0.30	0.80	29.5	32.5		0.961	0.005	0.004	0.005	0.005
0.30	0.80	32.5	37.5		0.961	0.003	0.003	0.000	0.000
0.30	0.80	37.5	42.5		0.966	0.002	0.002	0.000	0.000
0.30	0.80	42.5	47.5		0.963	0.002	0.002	0.003	0.003
0.30	0.80	47.5	55.0		0.961	0.003	0.003	0.000	0.000
0.30	0.80	55.0	80.0		0.970	0.004	0.004	0.015	0.015
0.30	0.80	80.0	150.0		0.950	0.015	0.012	0.000	0.000
0.80	1.20	5.0	15.0		0.000	0.000	0.010	0.000	0.000
0.80	1.20	15.0	21.5		0.000	0.000	0.004	0.000	0.000
0.80	1.20	21.5	24.0		0.015	0.007	0.010	0.000	0.000
0.80	1.20	24.0	25.5		0.832	0.026	0.023	0.029	0.029
0.80	1.20	25.5	26.5		0.890	0.028	0.023	0.000	0.000
0.80	1.20	26.5	27.5		0.871	0.026	0.022	0.037	0.037
0.80	1.20	27.5	28.5		0.892	0.021	0.018	0.070	0.070
0.80	1.20	28.5	29.5		0.900	0.020	0.017	0.026	0.026
0.80	1.20	29.5	32.5		0.934	0.008	0.007	0.010	0.010
0.80	1.20	32.5	37.5		0.939	0.004	0.004	0.006	0.006
0.80	1.20	37.5	42.5		0.943	0.003	0.003	0.010	0.010
0.80	1.20	42.5	47.5		0.944	0.003	0.003	0.006	0.006
0.80	1.20	47.5	55.0		0.957	0.004	0.004	0.024	0.024
0.80	1.20	55.0	80.0		0.945	0.007	0.006	0.000	0.000
0.80	1.20	80.0	150.0		0.944	0.021	0.016	0.022	0.022
1.20	1.60	5.0	15.0		0.000	0.000	0.009	0.000	0.000
1.20	1.60	15.0	21.5		0.007	0.004	0.007	0.000	0.000
1.20	1.60	21.5	24.0		0.023	0.009	0.012	0.013	0.013
1.20	1.60	24.0	25.5		0.846	0.028	0.025	0.035	0.035
1.20	1.60	25.5	26.5		0.871	0.032	0.027	0.069	0.069
1.20	1.60	26.5	27.5		0.920	0.025	0.020	0.032	0.032
1.20	1.60	27.5	28.5		0.905	0.023	0.019	0.050	0.050
1.20	1.60	28.5	29.5		0.922	0.019	0.016	0.019	0.019
1.20	1.60	29.5	32.5		0.935	0.009	0.008	0.025	0.025
1.20	1.60	32.5	37.5		0.940	0.005	0.005	0.010	0.010
1.20	1.60	37.5	42.5		0.945	0.004	0.004	0.013	0.013
1.20	1.60	42.5	47.5		0.950	0.004	0.003	0.005	0.005
1.20	1.60	47.5	55.0		0.948	0.005	0.005	0.008	0.008
1.20	1.60	55.0	80.0		0.951	0.007	0.006	0.000	0.000
1.20	1.60	80.0	150.0		0.965	0.023	0.015	0.024	0.024
1.60	2.10	5.0	15.0		0.000	0.000	0.006	0.000	0.000
1.60	2.10	15.0	21.5		0.000	0.000	0.003	0.000	0.000
1.60	2.10	21.5	24.0		0.022	0.007	0.010	0.000	0.000
1.60	2.10	24.0	25.5		0.873	0.021	0.019	0.000	0.000
1.60	2.10	25.5	26.5		0.897	0.022	0.019	0.023	0.023
1.60	2.10	26.5	27.5		0.933	0.018	0.015	0.000	0.000
1.60	2.10	27.5	28.5		0.915	0.018	0.015	0.000	0.000
1.60	2.10	28.5	29.5		0.926	0.016	0.014	0.044	0.044
1.60	2.10	29.5	32.5		0.927	0.008	0.007	0.000	0.000
1.60	2.10	32.5	37.5		0.928	0.005	0.005	0.000	0.000
1.60	2.10	37.5	42.5		0.937	0.004	0.004	0.000	0.000
1.60	2.10	42.5	47.5		0.932	0.004	0.004	0.000	0.000
1.60	2.10	47.5	55.0		0.931	0.005	0.005	0.009	0.009
1.60	2.10	55.0	80.0		0.930	0.008	0.007	0.000	0.000
1.60	2.10	80.0	150.0		0.933	0.026	0.020	0.029	0.029
2.10	2.40	5.0	15.0		0.000	0.000	0.009	0.000	0.000
2.10	2.40	15.0	21.5		0.000	0.000	0.005	0.000	0.000
2.10	2.40	21.5	24.0		0.036	0.012	0.016	0.018	0.018
2.10	2.40	24.0	25.5		0.649	0.040	0.038	0.123	0.123
2.10	2.40	25.5	26.5		0.769	0.046	0.041	0.145	0.145
2.10	2.40	26.5	27.5		0.801	0.039	0.034	0.000	0.000
2.10	2.40	27.5	28.5		0.801	0.031	0.028	0.048	0.048
2.10	2.40	28.5	29.5		0.769	0.035	0.032	0.054	0.054
2.10	2.40	29.5	32.5		0.805	0.016	0.015	0.032	0.032
2.10	2.40	32.5	37.5		0.862	0.009	0.009	0.000	0.000
2.10	2.40	37.5	42.5		0.861	0.008	0.008	0.000	0.000
2.10	2.40	42.5	47.5		0.875	0.008	0.008	0.017	0.017
2.10	2.40	47.5	55.0		0.874	0.010	0.010	0.021	0.021
2.10	2.40	55.0	80.0		0.911	0.014	0.012	0.042	0.042
2.10	2.40	80.0	150.0		0.857	0.058	0.045	0.074	0.074
