-2.40	-2.10	3.0	6.5		0.000	0.000	0.043	0.000	0.000
-2.40	-2.10	6.5	7.5		0.000	0.000	0.123	0.000	0.000
-2.40	-2.10	7.5	8.5		0.000	0.000	0.154	0.000	0.000
-2.40	-2.10	8.5	9.5		0.000	0.000	0.109	0.000	0.000
-2.40	-2.10	9.5	11.0		0.000	0.000	0.068	0.000	0.000
-2.40	-2.10	11.0	13.5		0.661	0.073	0.066	0.132	0.132
-2.40	-2.10	13.5	17.5		0.916	0.029	0.022	0.000	0.000
-2.40	-2.10	17.5	22.5		0.956	0.014	0.011	0.000	0.000
-2.40	-2.10	22.5	27.5		0.935	0.012	0.010	0.013	0.013
-2.40	-2.10	27.5	32.5		0.946	0.008	0.007	0.011	0.011
-2.40	-2.10	32.5	37.5		0.946	0.006	0.006	0.020	0.020
-2.40	-2.10	37.5	42.5		0.942	0.006	0.005	0.000	0.000
-2.40	-2.10	42.5	47.5		0.941	0.006	0.005	0.000	0.000
-2.40	-2.10	47.5	55.0		0.928	0.009	0.008	0.000	0.000
-2.40	-2.10	55.0	80.0		0.936	0.013	0.011	0.033	0.033
-2.40	-2.10	80.0	150.0		0.938	0.046	0.029	0.053	0.053
-2.10	-1.60	3.0	6.5		0.000	0.000	0.028	0.000	0.000
-2.10	-1.60	6.5	7.5		0.000	0.000	0.097	0.000	0.000
-2.10	-1.60	7.5	8.5		0.000	0.000	0.092	0.000	0.000
-2.10	-1.60	8.5	9.5		0.000	0.000	0.056	0.000	0.000
-2.10	-1.60	9.5	11.0		0.000	0.000	0.038	0.000	0.000
-2.10	-1.60	11.0	13.5		0.500	0.056	0.056	0.125	0.125
-2.10	-1.60	13.5	17.5		0.971	0.015	0.011	0.000	0.000
-2.10	-1.60	17.5	22.5		0.970	0.009	0.007	0.010	0.010
-2.10	-1.60	22.5	27.5		0.969	0.006	0.005	0.011	0.011
-2.10	-1.60	27.5	32.5		0.961	0.005	0.004	0.008	0.008
-2.10	-1.60	32.5	37.5		0.955	0.004	0.004	0.000	0.000
-2.10	-1.60	37.5	42.5		0.965	0.003	0.003	0.008	0.008
-2.10	-1.60	42.5	47.5		0.964	0.003	0.003	0.005	0.005
-2.10	-1.60	47.5	55.0		0.958	0.004	0.004	0.005	0.005
-2.10	-1.60	55.0	80.0		0.957	0.007	0.006	0.008	0.008
-2.10	-1.60	80.0	150.0		0.959	0.021	0.015	0.000	0.000
-1.60	-1.20	3.0	6.5		0.000	0.000	0.060	0.000	0.000
-1.60	-1.20	6.5	7.5		0.000	0.000	0.077	0.000	0.000
-1.60	-1.20	7.5	8.5		0.000	0.000	0.097	0.000	0.000
-1.60	-1.20	8.5	9.5		0.000	0.000	0.060	0.000	0.000
-1.60	-1.20	9.5	11.0		0.000	0.000	0.050	0.000	0.000
-1.60	-1.20	11.0	13.5		0.588	0.068	0.065	0.000	0.000
-1.60	-1.20	13.5	17.5		0.951	0.026	0.018	0.000	0.000
-1.60	-1.20	17.5	22.5		0.979	0.009	0.007	0.021	0.021
-1.60	-1.20	22.5	27.5		0.967	0.007	0.006	0.017	0.017
-1.60	-1.20	27.5	32.5		0.974	0.005	0.004	0.007	0.007
-1.60	-1.20	32.5	37.5		0.973	0.004	0.003	0.005	0.005
-1.60	-1.20	37.5	42.5		0.972	0.003	0.003	0.000	0.000
-1.60	-1.20	42.5	47.5		0.978	0.002	0.002	0.004	0.004
-1.60	-1.20	47.5	55.0		0.979	0.003	0.003	0.006	0.006
-1.60	-1.20	55.0	80.0		0.984	0.005	0.004	0.013	0.013
-1.60	-1.20	80.0	150.0		0.983	0.016	0.009	0.000	0.000
-1.20	-0.80	3.0	6.5		0.000	0.000	0.109	0.000	0.000
-1.20	-0.80	6.5	7.5		0.000	0.000	0.132	0.000	0.000
-1.20	-0.80	7.5	8.5		0.000	0.000	0.123	0.000	0.000
-1.20	-0.80	8.5	9.5		0.000	0.000	0.142	0.000	0.000
-1.20	-0.80	9.5	11.0		0.000	0.000	0.088	0.000	0.000
-1.20	-0.80	11.0	13.5		0.550	0.073	0.071	0.211	0.211
-1.20	-0.80	13.5	17.5		0.973	0.018	0.012	0.035	0.035
-1.20	-0.80	17.5	22.5		0.966	0.011	0.008	0.015	0.015
-1.20	-0.80	22.5	27.5		0.940	0.009	0.008	0.017	0.017
-1.20	-0.80	27.5	32.5		0.950	0.006	0.005	0.000	0.000
-1.20	-0.80	32.5	37.5		0.956	0.004	0.004	0.004	0.004
-1.20	-0.80	37.5	42.5		0.952	0.003	0.003	0.006	0.006
-1.20	-0.80	42.5	47.5		0.954	0.003	0.003	0.000	0.000
-1.20	-0.80	47.5	55.0		0.956	0.004	0.004	0.000	0.000
-1.20	-0.80	55.0	80.0		0.950	0.007	0.006	0.016	0.016
-1.20	-0.80	80.0	150.0		0.940	0.021	0.016	0.000	0.000
-0.80	-0.30	3.0	6.5		0.000	0.000	0.264	0.000	0.000
-0.80	-0.30	6.5	7.5		0.000	0.000	0.602	0.000	0.000
-0.80	-0.30	7.5	8.5		0.000	0.000	0.168	0.000	0.000
-0.80	-0.30	8.5	9.5		0.000	0.000	0.132	0.000	0.000
-0.80	-0.30	9.5	11.0		0.000	0.000	0.068	0.000	0.000
-0.80	-0.30	11.0	13.5		0.628	0.063	0.059	0.119	0.119
-0.80	-0.30	13.5	17.5		0.968	0.014	0.010	0.000	0.000
-0.80	-0.30	17.5	22.5		0.963	0.008	0.007	0.013	0.013
-0.80	-0.30	22.5	27.5		0.963	0.006	0.005	0.009	0.009
-0.80	-0.30	27.5	32.5		0.968	0.003	0.003	0.000	0.000
-0.80	-0.30	32.5	37.5		0.968	0.003	0.002	0.006	0.006
-0.80	-0.30	37.5	42.5		0.969	0.002	0.002	0.004	0.004
-0.80	-0.30	42.5	47.5		0.969	0.002	0.002	0.000	0.000
-0.80	-0.30	47.5	55.0		0.964	0.003	0.003	0.009	0.009
-0.80	-0.30	55.0	80.0		0.959	0.005	0.005	0.020	0.020
-0.80	-0.30	80.0	150.0		0.953	0.016	0.012	0.025	0.025
-0.30	-0.20	3.0	6.5		0.000	0.000	0.841	0.000	0.000
-0.30	-0.20	6.5	7.5		0.000	0.000	1.000	0.000	0.000
-0.30	-0.20	7.5	8.5		0.000	0.000	1.000	0.000	0.000
-0.30	-0.20	8.5	9.5		0.000	0.000	0.602	0.000	0.000
-0.30	-0.20	9.5	11.0		0.000	0.000	0.231	0.000	0.000
-0.30	-0.20	11.0	13.5		0.875	0.232	0.104	0.000	0.000
-0.30	-0.20	13.5	17.5		0.944	0.051	0.030	0.000	0.000
-0.30	-0.20	17.5	22.5		0.882	0.030	0.025	0.000	0.000
-0.30	-0.20	22.5	27.5		0.899	0.020	0.017	0.040	0.040
-0.30	-0.20	27.5	32.5		0.892	0.013	0.012	0.020	0.020
-0.30	-0.20	32.5	37.5		0.904	0.010	0.009	0.000	0.000
-0.30	-0.20	37.5	42.5		0.895	0.009	0.009	0.019	0.019
-0.30	-0.20	42.5	47.5		0.898	0.009	0.008	0.009	0.009
-0.30	-0.20	47.5	55.0		0.896	0.013	0.011	0.035	0.035
-0.30	-0.20	55.0	80.0		0.874	0.020	0.018	0.000	0.000
-0.30	-0.20	80.0	150.0		0.830	0.068	0.053	0.000	0.000
-0.20	0.20	3.0	6.5		0.000	0.000	0.602	0.000	0.000
-0.20	0.20	6.5	7.5		0.000	0.000	0.841	0.000	0.000
-0.20	0.20	7.5	8.5		0.000	0.000	0.459	0.000	0.000
-0.20	0.20	8.5	9.5		0.000	0.000	0.116	0.000	0.000
-0.20	0.20	9.5	11.0		0.000	0.000	0.092	0.000	0.000
-0.20	0.20	11.0	13.5		0.692	0.061	0.056	0.000	0.000
-0.20	0.20	13.5	17.5		0.922	0.021	0.017	0.036	0.036
-0.20	0.20	17.5	22.5		0.969	0.008	0.006	0.037	0.037
-0.20	0.20	22.5	27.5		0.961	0.006	0.005	0.009	0.009
-0.20	0.20	27.5	32.5		0.964	0.004	0.003	0.013	0.013
-0.20	0.20	32.5	37.5		0.961	0.003	0.003	0.004	0.004
-0.20	0.20	37.5	42.5		0.961	0.003	0.002	0.005	0.005
-0.20	0.20	42.5	47.5		0.957	0.003	0.003	0.004	0.004
-0.20	0.20	47.5	55.0		0.960	0.004	0.003	0.007	0.007
-0.20	0.20	55.0	80.0		0.954	0.006	0.005	0.009	0.009
-0.20	0.20	80.0	150.0		0.955	0.018	0.014	0.000	0.000
0.20	0.30	3.0	6.5		0.000	0.000	1.000	0.000	0.000
0.20	0.30	6.5	7.5		0.000	0.000	0.841	0.000	0.000
0.20	0.30	7.5	8.5		0.000	0.000	0.841	0.000	0.000
0.20	0.30	8.5	9.5		0.000	0.000	1.000	0.000	0.000
0.20	0.30	9.5	11.0		0.000	0.000	0.264	0.000	0.000
0.20	0.30	11.0	13.5		0.833	0.179	0.107	0.371	0.371
0.20	0.30	13.5	17.5		0.814	0.079	0.062	0.093	0.093
0.20	0.30	17.5	22.5		0.866	0.035	0.029	0.000	0.000
0.20	0.30	22.5	27.5		0.896	0.020	0.017	0.021	0.021
0.20	0.30	27.5	32.5		0.908	0.013	0.012	0.013	0.013
0.20	0.30	32.5	37.5		0.897	0.010	0.010	0.016	0.016
0.20	0.30	37.5	42.5		0.895	0.009	0.008	0.022	0.022
0.20	0.30	42.5	47.5		0.915	0.009	0.008	0.013	0.013
0.20	0.30	47.5	55.0		0.907	0.012	0.011	0.000	0.000
0.20	0.30	55.0	80.0		0.919	0.018	0.015	0.000	0.000
0.20	0.30	80.0	150.0		0.904	0.060	0.041	0.000	0.000
0.30	0.80	3.0	6.5		0.000	0.000	0.154	0.000	0.000
0.30	0.80	6.5	7.5		0.000	0.000	0.231	0.000	0.000
0.30	0.80	7.5	8.5		0.000	0.000	0.206	0.000	0.000
0.30	0.80	8.5	9.5		0.000	0.000	0.154	0.000	0.000
0.30	0.80	9.5	11.0		0.000	0.000	0.064	0.000	0.000
0.30	0.80	11.0	13.5		0.673	0.052	0.048	0.058	0.058
0.30	0.80	13.5	17.5		0.963	0.015	0.011	0.000	0.000
0.30	0.80	17.5	22.5		0.974	0.007	0.006	0.010	0.010
0.30	0.80	22.5	27.5		0.968	0.005	0.004	0.000	0.000
0.30	0.80	27.5	32.5		0.975	0.003	0.003	0.000	0.000
0.30	0.80	32.5	37.5		0.972	0.002	0.002	0.000	0.000
0.30	0.80	37.5	42.5		0.974	0.002	0.002	0.000	0.000
0.30	0.80	42.5	47.5		0.971	0.002	0.002	0.002	0.002
0.30	0.80	47.5	55.0		0.971	0.003	0.003	0.000	0.000
0.30	0.80	55.0	80.0		0.974	0.004	0.004	0.006	0.006
0.30	0.80	80.0	150.0		0.969	0.013	0.010	0.000	0.000
0.80	1.20	3.0	6.5		0.000	0.000	0.116	0.000	0.000
0.80	1.20	6.5	7.5		0.000	0.000	0.154	0.000	0.000
0.80	1.20	7.5	8.5		0.000	0.000	0.206	0.000	0.000
0.80	1.20	8.5	9.5		0.000	0.000	0.109	0.000	0.000
0.80	1.20	9.5	11.0		0.000	0.000	0.058	0.000	0.000
0.80	1.20	11.0	13.5		0.642	0.068	0.063	0.000	0.000
0.80	1.20	13.5	17.5		0.956	0.021	0.015	0.033	0.033
0.80	1.20	17.5	22.5		0.932	0.014	0.012	0.029	0.029
0.80	1.20	22.5	27.5		0.957	0.008	0.007	0.008	0.008
0.80	1.20	27.5	32.5		0.962	0.005	0.004	0.008	0.008
0.80	1.20	32.5	37.5		0.966	0.003	0.003	0.004	0.004
0.80	1.20	37.5	42.5		0.962	0.003	0.003	0.005	0.005
0.80	1.20	42.5	47.5		0.964	0.003	0.003	0.005	0.005
0.80	1.20	47.5	55.0		0.972	0.003	0.003	0.015	0.015
0.80	1.20	55.0	80.0		0.958	0.006	0.005	0.000	0.000
0.80	1.20	80.0	150.0		0.955	0.020	0.015	0.000	0.000
1.20	1.60	3.0	6.5		0.000	0.000	0.046	0.000	0.000
1.20	1.60	6.5	7.5		0.000	0.000	0.154	0.000	0.000
1.20	1.60	7.5	8.5		0.000	0.000	0.080	0.000	0.000
1.20	1.60	8.5	9.5		0.000	0.000	0.109	0.000	0.000
1.20	1.60	9.5	11.0		0.000	0.000	0.074	0.000	0.000
1.20	1.60	11.0	13.5		0.643	0.066	0.062	0.105	0.105
1.20	1.60	13.5	17.5		0.988	0.016	0.008	0.000	0.000
1.20	1.60	17.5	22.5		0.953	0.013	0.010	0.023	0.023
1.20	1.60	22.5	27.5		0.968	0.008	0.006	0.012	0.012
1.20	1.60	27.5	32.5		0.968	0.005	0.004	0.007	0.007
1.20	1.60	32.5	37.5		0.977	0.003	0.003	0.007	0.007
1.20	1.60	37.5	42.5		0.979	0.002	0.002	0.010	0.010
1.20	1.60	42.5	47.5		0.978	0.002	0.002	0.005	0.005
1.20	1.60	47.5	55.0		0.973	0.004	0.003	0.005	0.005
1.20	1.60	55.0	80.0		0.977	0.005	0.004	0.000	0.000
1.20	1.60	80.0	150.0		0.979	0.020	0.011	0.000	0.000
1.60	2.10	3.0	6.5		0.000	0.000	0.039	0.000	0.000
1.60	2.10	6.5	7.5		0.000	0.000	0.084	0.000	0.000
1.60	2.10	7.5	8.5		0.000	0.000	0.056	0.000	0.000
1.60	2.10	8.5	9.5		0.000	0.000	0.062	0.000	0.000
1.60	2.10	9.5	11.0		0.000	0.000	0.044	0.000	0.000
1.60	2.10	11.0	13.5		0.585	0.057	0.055	0.000	0.000
1.60	2.10	13.5	17.5		0.963	0.015	0.011	0.017	0.017
1.60	2.10	17.5	22.5		0.974	0.008	0.006	0.010	0.010
1.60	2.10	22.5	27.5		0.973	0.006	0.005	0.007	0.007
1.60	2.10	27.5	32.5		0.972	0.004	0.004	0.005	0.005
1.60	2.10	32.5	37.5		0.969	0.003	0.003	0.005	0.005
1.60	2.10	37.5	42.5		0.973	0.003	0.002	0.003	0.003
1.60	2.10	42.5	47.5		0.971	0.003	0.002	0.000	0.000
1.60	2.10	47.5	55.0		0.966	0.004	0.004	0.005	0.005
1.60	2.10	55.0	80.0		0.963	0.006	0.005	0.000	0.000
1.60	2.10	80.0	150.0		0.976	0.019	0.012	0.000	0.000
2.10	2.40	3.0	6.5		0.000	0.000	0.047	0.000	0.000
2.10	2.40	6.5	7.5		0.000	0.000	0.103	0.000	0.000
2.10	2.40	7.5	8.5		0.000	0.000	0.103	0.000	0.000
2.10	2.40	8.5	9.5		0.000	0.000	0.116	0.000	0.000
2.10	2.40	9.5	11.0		0.000	0.000	0.058	0.000	0.000
2.10	2.40	11.0	13.5		0.560	0.064	0.063	0.098	0.098
2.10	2.40	13.5	17.5		0.923	0.028	0.022	0.000	0.000
2.10	2.40	17.5	22.5		0.920	0.017	0.014	0.050	0.050
2.10	2.40	22.5	27.5		0.942	0.011	0.010	0.011	0.011
2.10	2.40	27.5	32.5		0.936	0.008	0.007	0.022	0.022
2.10	2.40	32.5	37.5		0.944	0.006	0.006	0.007	0.007
2.10	2.40	37.5	42.5		0.940	0.006	0.005	0.000	0.000
2.10	2.40	42.5	47.5		0.948	0.006	0.005	0.010	0.010
2.10	2.40	47.5	55.0		0.945	0.007	0.007	0.011	0.011
2.10	2.40	55.0	80.0		0.951	0.011	0.009	0.014	0.014
2.10	2.40	80.0	150.0		0.952	0.044	0.026	0.000	0.000
