-2.40	-2.10	5.0	15.0		0.000	0.000	0.004	0.000	0.000
-2.40	-2.10	15.0	21.5		0.000	0.000	0.002	0.000	0.000
-2.40	-2.10	21.5	24.0		0.033	0.008	0.011	0.000	0.000
-2.40	-2.10	24.0	25.5		0.673	0.027	0.026	0.000	0.000
-2.40	-2.10	25.5	26.5		0.792	0.028	0.025	0.000	0.000
-2.40	-2.10	26.5	27.5		0.815	0.025	0.022	0.037	0.037
-2.40	-2.10	27.5	28.5		0.805	0.023	0.021	0.000	0.000
-2.40	-2.10	28.5	29.5		0.867	0.020	0.018	0.093	0.093
-2.40	-2.10	29.5	32.5		0.826	0.011	0.010	0.045	0.045
-2.40	-2.10	32.5	37.5		0.837	0.007	0.007	0.009	0.009
-2.40	-2.10	37.5	42.5		0.855	0.006	0.006	0.009	0.009
-2.40	-2.10	42.5	47.5		0.854	0.006	0.006	0.000	0.000
-2.40	-2.10	47.5	55.0		0.865	0.008	0.007	0.000	0.000
-2.40	-2.10	55.0	80.0		0.879	0.011	0.010	0.000	0.000
-2.40	-2.10	80.0	150.0		0.794	0.042	0.037	0.058	0.058
-2.10	-1.60	5.0	15.0		0.000	0.000	0.003	0.000	0.000
-2.10	-1.60	15.0	21.5		0.001	0.001	0.002	0.000	0.000
-2.10	-1.60	21.5	24.0		0.023	0.005	0.006	0.000	0.000
-2.10	-1.60	24.0	25.5		0.848	0.015	0.014	0.025	0.025
-2.10	-1.60	25.5	26.5		0.873	0.016	0.015	0.018	0.018
-2.10	-1.60	26.5	27.5		0.890	0.014	0.012	0.000	0.000
-2.10	-1.60	27.5	28.5		0.899	0.013	0.012	0.016	0.016
-2.10	-1.60	28.5	29.5		0.904	0.012	0.011	0.000	0.000
-2.10	-1.60	29.5	32.5		0.900	0.006	0.006	0.007	0.007
-2.10	-1.60	32.5	37.5		0.903	0.004	0.004	0.004	0.004
-2.10	-1.60	37.5	42.5		0.907	0.003	0.003	0.006	0.006
-2.10	-1.60	42.5	47.5		0.907	0.003	0.003	0.007	0.007
-2.10	-1.60	47.5	55.0		0.908	0.004	0.004	0.007	0.007
-2.10	-1.60	55.0	80.0		0.908	0.006	0.006	0.013	0.013
-2.10	-1.60	80.0	150.0		0.934	0.015	0.013	0.019	0.019
-1.60	-1.20	5.0	15.0		0.000	0.000	0.004	0.000	0.000
-1.60	-1.20	15.0	21.5		0.005	0.002	0.004	0.005	0.005
-1.60	-1.20	21.5	24.0		0.021	0.005	0.007	0.000	0.000
-1.60	-1.20	24.0	25.5		0.800	0.020	0.018	0.023	0.023
-1.60	-1.20	25.5	26.5		0.853	0.019	0.018	0.030	0.030
-1.60	-1.20	26.5	27.5		0.867	0.018	0.016	0.000	0.000
-1.60	-1.20	27.5	28.5		0.896	0.015	0.014	0.017	0.017
-1.60	-1.20	28.5	29.5		0.853	0.016	0.015	0.021	0.021
-1.60	-1.20	29.5	32.5		0.884	0.007	0.007	0.009	0.009
-1.60	-1.20	32.5	37.5		0.901	0.004	0.004	0.007	0.007
-1.60	-1.20	37.5	42.5		0.910	0.003	0.003	0.000	0.000
-1.60	-1.20	42.5	47.5		0.919	0.003	0.003	0.000	0.000
-1.60	-1.20	47.5	55.0		0.924	0.004	0.004	0.009	0.009
-1.60	-1.20	55.0	80.0		0.932	0.005	0.005	0.000	0.000
-1.60	-1.20	80.0	150.0		0.942	0.014	0.012	0.015	0.015
-1.20	-0.80	5.0	15.0		0.000	0.000	0.006	0.000	0.000
-1.20	-0.80	15.0	21.5		0.000	0.000	0.002	0.000	0.000
-1.20	-0.80	21.5	24.0		0.015	0.005	0.007	0.010	0.010
-1.20	-0.80	24.0	25.5		0.851	0.018	0.016	0.033	0.033
-1.20	-0.80	25.5	26.5		0.902	0.018	0.016	0.032	0.032
-1.20	-0.80	26.5	27.5		0.905	0.016	0.014	0.000	0.000
-1.20	-0.80	27.5	28.5		0.882	0.015	0.014	0.041	0.041
-1.20	-0.80	28.5	29.5		0.936	0.011	0.010	0.026	0.026
-1.20	-0.80	29.5	32.5		0.922	0.006	0.005	0.000	0.000
-1.20	-0.80	32.5	37.5		0.936	0.003	0.003	0.004	0.004
-1.20	-0.80	37.5	42.5		0.943	0.002	0.002	0.010	0.010
-1.20	-0.80	42.5	47.5		0.941	0.002	0.002	0.005	0.005
-1.20	-0.80	47.5	55.0		0.943	0.003	0.003	0.004	0.004
-1.20	-0.80	55.0	80.0		0.936	0.005	0.005	0.014	0.014
-1.20	-0.80	80.0	150.0		0.944	0.013	0.011	0.000	0.000
-0.80	-0.30	5.0	15.0		0.000	0.000	0.004	0.000	0.000
-0.80	-0.30	15.0	21.5		0.000	0.000	0.001	0.000	0.000
-0.80	-0.30	21.5	24.0		0.014	0.004	0.005	0.008	0.008
-0.80	-0.30	24.0	25.5		0.925	0.010	0.009	0.023	0.023
-0.80	-0.30	25.5	26.5		0.953	0.009	0.008	0.028	0.028
-0.80	-0.30	26.5	27.5		0.942	0.009	0.008	0.016	0.016
-0.80	-0.30	27.5	28.5		0.936	0.009	0.008	0.022	0.022
-0.80	-0.30	28.5	29.5		0.941	0.008	0.007	0.013	0.013
-0.80	-0.30	29.5	32.5		0.954	0.003	0.003	0.000	0.000
-0.80	-0.30	32.5	37.5		0.960	0.002	0.002	0.002	0.002
-0.80	-0.30	37.5	42.5		0.963	0.002	0.001	0.000	0.000
-0.80	-0.30	42.5	47.5		0.962	0.002	0.002	0.003	0.003
-0.80	-0.30	47.5	55.0		0.963	0.002	0.002	0.003	0.003
-0.80	-0.30	55.0	80.0		0.960	0.003	0.003	0.005	0.005
-0.80	-0.30	80.0	150.0		0.954	0.010	0.009	0.034	0.034
-0.30	-0.20	5.0	15.0		0.000	0.000	0.028	0.000	0.000
-0.30	-0.20	15.0	21.5		0.000	0.000	0.006	0.000	0.000
-0.30	-0.20	21.5	24.0		0.000	0.000	0.008	0.000	0.000
-0.30	-0.20	24.0	25.5		0.766	0.035	0.032	0.068	0.068
-0.30	-0.20	25.5	26.5		0.818	0.037	0.032	0.000	0.000
-0.30	-0.20	26.5	27.5		0.821	0.035	0.031	0.064	0.064
-0.30	-0.20	27.5	28.5		0.843	0.030	0.026	0.047	0.047
-0.30	-0.20	28.5	29.5		0.864	0.026	0.023	0.000	0.000
-0.30	-0.20	29.5	32.5		0.866	0.012	0.012	0.021	0.021
-0.30	-0.20	32.5	37.5		0.877	0.008	0.007	0.019	0.019
-0.30	-0.20	37.5	42.5		0.877	0.006	0.006	0.000	0.000
-0.30	-0.20	42.5	47.5		0.872	0.007	0.006	0.000	0.000
-0.30	-0.20	47.5	55.0		0.871	0.009	0.009	0.020	0.020
-0.30	-0.20	55.0	80.0		0.869	0.013	0.012	0.015	0.015
-0.30	-0.20	80.0	150.0		0.862	0.037	0.031	0.000	0.000
-0.20	0.20	5.0	15.0		0.000	0.000	0.008	0.000	0.000
-0.20	0.20	15.0	21.5		0.000	0.000	0.001	0.000	0.000
-0.20	0.20	21.5	24.0		0.015	0.004	0.005	0.008	0.008
-0.20	0.20	24.0	25.5		0.898	0.012	0.011	0.000	0.000
-0.20	0.20	25.5	26.5		0.918	0.012	0.010	0.017	0.017
-0.20	0.20	26.5	27.5		0.941	0.010	0.009	0.013	0.013
-0.20	0.20	27.5	28.5		0.933	0.009	0.008	0.013	0.013
-0.20	0.20	28.5	29.5		0.948	0.008	0.007	0.011	0.011
-0.20	0.20	29.5	32.5		0.957	0.003	0.003	0.008	0.008
-0.20	0.20	32.5	37.5		0.956	0.002	0.002	0.003	0.003
-0.20	0.20	37.5	42.5		0.957	0.002	0.002	0.004	0.004
-0.20	0.20	42.5	47.5		0.955	0.002	0.002	0.000	0.000
-0.20	0.20	47.5	55.0		0.951	0.003	0.003	0.000	0.000
-0.20	0.20	55.0	80.0		0.953	0.004	0.004	0.000	0.000
-0.20	0.20	80.0	150.0		0.954	0.011	0.009	0.000	0.000
0.20	0.30	5.0	15.0		0.000	0.000	0.035	0.000	0.000
0.20	0.30	15.0	21.5		0.000	0.000	0.007	0.000	0.000
0.20	0.30	21.5	24.0		0.000	0.000	0.009	0.000	0.000
0.20	0.30	24.0	25.5		0.780	0.035	0.032	0.069	0.069
0.20	0.30	25.5	26.5		0.830	0.039	0.033	0.000	0.000
0.20	0.30	26.5	27.5		0.839	0.032	0.028	0.000	0.000
0.20	0.30	27.5	28.5		0.863	0.031	0.027	0.047	0.047
0.20	0.30	28.5	29.5		0.887	0.027	0.022	0.000	0.000
0.20	0.30	29.5	32.5		0.876	0.013	0.012	0.027	0.027
0.20	0.30	32.5	37.5		0.879	0.007	0.007	0.019	0.019
0.20	0.30	37.5	42.5		0.876	0.007	0.006	0.000	0.000
0.20	0.30	42.5	47.5		0.877	0.007	0.006	0.026	0.026
0.20	0.30	47.5	55.0		0.876	0.009	0.009	0.000	0.000
0.20	0.30	55.0	80.0		0.874	0.013	0.012	0.000	0.000
0.20	0.30	80.0	150.0		0.847	0.042	0.035	0.000	0.000
0.30	0.80	5.0	15.0		0.000	0.000	0.005	0.000	0.000
0.30	0.80	15.0	21.5		0.000	0.000	0.001	0.000	0.000
0.30	0.80	21.5	24.0		0.013	0.004	0.005	0.007	0.007
0.30	0.80	24.0	25.5		0.909	0.011	0.010	0.020	0.020
0.30	0.80	25.5	26.5		0.943	0.010	0.009	0.000	0.000
0.30	0.80	26.5	27.5		0.956	0.008	0.007	0.010	0.010
0.30	0.80	27.5	28.5		0.956	0.008	0.007	0.000	0.000
0.30	0.80	28.5	29.5		0.949	0.008	0.007	0.009	0.009
0.30	0.80	29.5	32.5		0.957	0.003	0.003	0.000	0.000
0.30	0.80	32.5	37.5		0.965	0.002	0.002	0.004	0.004
0.30	0.80	37.5	42.5		0.963	0.002	0.002	0.002	0.002
0.30	0.80	42.5	47.5		0.960	0.002	0.002	0.000	0.000
0.30	0.80	47.5	55.0		0.963	0.002	0.002	0.004	0.004
0.30	0.80	55.0	80.0		0.967	0.003	0.003	0.007	0.007
0.30	0.80	80.0	150.0		0.955	0.010	0.008	0.010	0.010
0.80	1.20	5.0	15.0		0.000	0.000	0.006	0.000	0.000
0.80	1.20	15.0	21.5		0.000	0.000	0.002	0.000	0.000
0.80	1.20	21.5	24.0		0.026	0.007	0.009	0.000	0.000
0.80	1.20	24.0	25.5		0.852	0.017	0.016	0.000	0.000
0.80	1.20	25.5	26.5		0.872	0.019	0.017	0.060	0.060
0.80	1.20	26.5	27.5		0.884	0.017	0.015	0.034	0.034
0.80	1.20	27.5	28.5		0.929	0.013	0.011	0.024	0.024
0.80	1.20	28.5	29.5		0.919	0.012	0.011	0.000	0.000
0.80	1.20	29.5	32.5		0.929	0.006	0.005	0.000	0.000
0.80	1.20	32.5	37.5		0.937	0.003	0.003	0.004	0.004
0.80	1.20	37.5	42.5		0.941	0.002	0.002	0.000	0.000
0.80	1.20	42.5	47.5		0.942	0.002	0.002	0.003	0.003
0.80	1.20	47.5	55.0		0.939	0.003	0.003	0.000	0.000
0.80	1.20	55.0	80.0		0.941	0.005	0.004	0.010	0.010
0.80	1.20	80.0	150.0		0.934	0.015	0.012	0.015	0.015
1.20	1.60	5.0	15.0		0.000	0.000	0.005	0.000	0.000
1.20	1.60	15.0	21.5		0.004	0.002	0.003	0.004	0.004
1.20	1.60	21.5	24.0		0.034	0.007	0.009	0.009	0.009
1.20	1.60	24.0	25.5		0.867	0.018	0.016	0.047	0.047
1.20	1.60	25.5	26.5		0.882	0.018	0.016	0.029	0.029
1.20	1.60	26.5	27.5		0.896	0.017	0.015	0.028	0.028
1.20	1.60	27.5	28.5		0.891	0.016	0.014	0.019	0.019
1.20	1.60	28.5	29.5		0.889	0.015	0.013	0.019	0.019
1.20	1.60	29.5	32.5		0.890	0.007	0.007	0.030	0.030
1.20	1.60	32.5	37.5		0.910	0.004	0.004	0.008	0.008
1.20	1.60	37.5	42.5		0.914	0.003	0.003	0.000	0.000
1.20	1.60	42.5	47.5		0.926	0.003	0.003	0.007	0.007
1.20	1.60	47.5	55.0		0.924	0.004	0.004	0.008	0.008
1.20	1.60	55.0	80.0		0.938	0.005	0.005	0.000	0.000
1.20	1.60	80.0	150.0		0.931	0.016	0.013	0.000	0.000
1.60	2.10	5.0	15.0		0.000	0.000	0.002	0.000	0.000
1.60	2.10	15.0	21.5		0.000	0.000	0.001	0.000	0.000
1.60	2.10	21.5	24.0		0.021	0.005	0.006	0.007	0.007
1.60	2.10	24.0	25.5		0.825	0.016	0.015	0.000	0.000
1.60	2.10	25.5	26.5		0.884	0.016	0.014	0.000	0.000
1.60	2.10	26.5	27.5		0.896	0.014	0.013	0.055	0.055
1.60	2.10	27.5	28.5		0.886	0.014	0.013	0.030	0.030
1.60	2.10	28.5	29.5		0.882	0.013	0.012	0.030	0.030
1.60	2.10	29.5	32.5		0.877	0.006	0.006	0.017	0.017
1.60	2.10	32.5	37.5		0.883	0.004	0.004	0.009	0.009
1.60	2.10	37.5	42.5		0.895	0.003	0.003	0.000	0.000
1.60	2.10	42.5	47.5		0.894	0.003	0.003	0.005	0.005
1.60	2.10	47.5	55.0		0.893	0.004	0.004	0.000	0.000
1.60	2.10	55.0	80.0		0.902	0.006	0.006	0.000	0.000
1.60	2.10	80.0	150.0		0.896	0.019	0.017	0.000	0.000
2.10	2.40	5.0	15.0		0.000	0.000	0.004	0.000	0.000
2.10	2.40	15.0	21.5		0.000	0.000	0.002	0.000	0.000
2.10	2.40	21.5	24.0		0.043	0.009	0.011	0.015	0.015
2.10	2.40	24.0	25.5		0.662	0.027	0.026	0.000	0.000
2.10	2.40	25.5	26.5		0.720	0.029	0.028	0.032	0.032
2.10	2.40	26.5	27.5		0.719	0.028	0.026	0.056	0.056
2.10	2.40	27.5	28.5		0.729	0.026	0.025	0.000	0.000
2.10	2.40	28.5	29.5		0.733	0.025	0.024	0.045	0.045
2.10	2.40	29.5	32.5		0.769	0.012	0.011	0.020	0.020
2.10	2.40	32.5	37.5		0.786	0.008	0.007	0.008	0.008
2.10	2.40	37.5	42.5		0.796	0.006	0.006	0.011	0.011
2.10	2.40	42.5	47.5		0.811	0.007	0.006	0.007	0.007
2.10	2.40	47.5	55.0		0.827	0.008	0.008	0.020	0.020
2.10	2.40	55.0	80.0		0.828	0.012	0.012	0.019	0.019
2.10	2.40	80.0	150.0		0.844	0.038	0.032	0.052	0.052
