-2.40	-2.10	0.0	10.0		0.000	0.000	0.006	0.000	0.000
-2.40	-2.10	10.0	15.0		0.000	0.000	0.007	0.000	0.000
-2.40	-2.10	15.0	16.0		0.000	0.000	0.019	0.000	0.000
-2.40	-2.10	16.0	17.0		0.131	0.035	0.043	0.142	0.142
-2.40	-2.10	17.0	18.0		0.830	0.045	0.038	0.070	0.070
-2.40	-2.10	18.0	19.0		0.944	0.032	0.022	0.000	0.000
-2.40	-2.10	19.0	20.0		0.892	0.034	0.028	0.071	0.071
-2.40	-2.10	20.0	22.0		0.925	0.018	0.015	0.000	0.000
-2.40	-2.10	22.0	25.0		0.914	0.013	0.012	0.000	0.000
-2.40	-2.10	25.0	30.0		0.935	0.007	0.006	0.009	0.009
-2.40	-2.10	30.0	35.0		0.932	0.005	0.005	0.009	0.009
-2.40	-2.10	35.0	40.0		0.926	0.005	0.004	0.008	0.008
-2.40	-2.10	40.0	45.0		0.927	0.004	0.004	0.004	0.004
-2.40	-2.10	45.0	50.0		0.931	0.005	0.005	0.012	0.012
-2.40	-2.10	50.0	60.0		0.940	0.006	0.006	0.009	0.009
-2.40	-2.10	60.0	100.0		0.912	0.013	0.012	0.029	0.029
-2.40	-2.10	100.0	200.0		0.936	0.058	0.035	0.000	0.000
-2.10	-1.60	0.0	10.0		0.000	0.000	0.005	0.000	0.000
-2.10	-1.60	10.0	15.0		0.000	0.000	0.004	0.000	0.000
-2.10	-1.60	15.0	16.0		0.008	0.006	0.017	0.000	0.000
-2.10	-1.60	16.0	17.0		0.034	0.015	0.023	0.000	0.000
-2.10	-1.60	17.0	18.0		0.898	0.029	0.024	0.032	0.032
-2.10	-1.60	18.0	19.0		0.938	0.022	0.017	0.000	0.000
-2.10	-1.60	19.0	20.0		0.942	0.018	0.015	0.000	0.000
-2.10	-1.60	20.0	22.0		0.947	0.011	0.009	0.017	0.017
-2.10	-1.60	22.0	25.0		0.954	0.007	0.006	0.010	0.010
-2.10	-1.60	25.0	30.0		0.949	0.004	0.004	0.000	0.000
-2.10	-1.60	30.0	35.0		0.948	0.003	0.003	0.000	0.000
-2.10	-1.60	35.0	40.0		0.947	0.003	0.003	0.005	0.005
-2.10	-1.60	40.0	45.0		0.946	0.002	0.002	0.005	0.005
-2.10	-1.60	45.0	50.0		0.952	0.003	0.003	0.006	0.006
-2.10	-1.60	50.0	60.0		0.947	0.004	0.004	0.000	0.000
-2.10	-1.60	60.0	100.0		0.952	0.006	0.005	0.000	0.000
-2.10	-1.60	100.0	200.0		0.961	0.022	0.015	0.047	0.047
-1.60	-1.20	0.0	10.0		0.000	0.000	0.010	0.000	0.000
-1.60	-1.20	10.0	15.0		0.000	0.000	0.007	0.000	0.000
-1.60	-1.20	15.0	16.0		0.012	0.010	0.028	0.000	0.000
-1.60	-1.20	16.0	17.0		0.020	0.013	0.026	0.000	0.000
-1.60	-1.20	17.0	18.0		0.895	0.037	0.029	0.000	0.000
-1.60	-1.20	18.0	19.0		0.949	0.027	0.019	0.000	0.000
-1.60	-1.20	19.0	20.0		0.932	0.025	0.019	0.067	0.067
-1.60	-1.20	20.0	22.0		0.961	0.013	0.010	0.013	0.013
-1.60	-1.20	22.0	25.0		0.964	0.007	0.006	0.022	0.022
-1.60	-1.20	25.0	30.0		0.956	0.005	0.004	0.000	0.000
-1.60	-1.20	30.0	35.0		0.960	0.003	0.003	0.005	0.005
-1.60	-1.20	35.0	40.0		0.962	0.002	0.002	0.003	0.003
-1.60	-1.20	40.0	45.0		0.963	0.002	0.002	0.000	0.000
-1.60	-1.20	45.0	50.0		0.966	0.002	0.002	0.000	0.000
-1.60	-1.20	50.0	60.0		0.965	0.003	0.003	0.003	0.003
-1.60	-1.20	60.0	100.0		0.970	0.005	0.004	0.009	0.009
-1.60	-1.20	100.0	200.0		0.979	0.017	0.010	0.000	0.000
-1.20	-0.80	0.0	10.0		0.000	0.000	0.019	0.000	0.000
-1.20	-0.80	10.0	15.0		0.000	0.000	0.008	0.000	0.000
-1.20	-0.80	15.0	16.0		0.000	0.000	0.028	0.000	0.000
-1.20	-0.80	16.0	17.0		0.000	0.000	0.022	0.000	0.000
-1.20	-0.80	17.0	18.0		0.918	0.038	0.028	0.040	0.040
-1.20	-0.80	18.0	19.0		0.956	0.025	0.017	0.000	0.000
-1.20	-0.80	19.0	20.0		0.974	0.020	0.013	0.000	0.000
-1.20	-0.80	20.0	22.0		0.973	0.011	0.008	0.021	0.021
-1.20	-0.80	22.0	25.0		0.967	0.008	0.006	0.000	0.000
-1.20	-0.80	25.0	30.0		0.959	0.004	0.004	0.007	0.007
-1.20	-0.80	30.0	35.0		0.960	0.003	0.003	0.006	0.006
-1.20	-0.80	35.0	40.0		0.964	0.002	0.002	0.004	0.004
-1.20	-0.80	40.0	45.0		0.964	0.002	0.002	0.005	0.005
-1.20	-0.80	45.0	50.0		0.958	0.002	0.002	0.000	0.000
-1.20	-0.80	50.0	60.0		0.963	0.003	0.003	0.000	0.000
-1.20	-0.80	60.0	100.0		0.950	0.006	0.005	0.011	0.011
-1.20	-0.80	100.0	200.0		0.944	0.020	0.016	0.000	0.000
-0.80	-0.30	0.0	10.0		0.000	0.000	0.029	0.000	0.000
-0.80	-0.30	10.0	15.0		0.000	0.000	0.005	0.000	0.000
-0.80	-0.30	15.0	16.0		0.000	0.000	0.018	0.000	0.000
-0.80	-0.30	16.0	17.0		0.017	0.009	0.016	0.000	0.000
-0.80	-0.30	17.0	18.0		0.935	0.023	0.018	0.027	0.027
-0.80	-0.30	18.0	19.0		0.985	0.014	0.008	0.000	0.000
-0.80	-0.30	19.0	20.0		0.979	0.014	0.009	0.000	0.000
-0.80	-0.30	20.0	22.0		0.973	0.008	0.006	0.000	0.000
-0.80	-0.30	22.0	25.0		0.971	0.005	0.004	0.014	0.014
-0.80	-0.30	25.0	30.0		0.969	0.003	0.003	0.003	0.003
-0.80	-0.30	30.0	35.0		0.972	0.002	0.002	0.004	0.004
-0.80	-0.30	35.0	40.0		0.972	0.001	0.001	0.002	0.002
-0.80	-0.30	40.0	45.0		0.969	0.001	0.001	0.003	0.003
-0.80	-0.30	45.0	50.0		0.974	0.002	0.002	0.005	0.005
-0.80	-0.30	50.0	60.0		0.969	0.002	0.002	0.000	0.000
-0.80	-0.30	60.0	100.0		0.968	0.004	0.003	0.011	0.011
-0.80	-0.30	100.0	200.0		0.958	0.016	0.012	0.000	0.000
-0.30	-0.20	0.0	10.0		0.000	0.000	0.206	0.000	0.000
-0.30	-0.20	10.0	15.0		0.000	0.000	0.032	0.000	0.000
-0.30	-0.20	15.0	16.0		0.000	0.000	0.109	0.000	0.000
-0.30	-0.20	16.0	17.0		0.000	0.000	0.056	0.000	0.000
-0.30	-0.20	17.0	18.0		0.844	0.074	0.056	0.140	0.140
-0.30	-0.20	18.0	19.0		0.879	0.086	0.057	0.000	0.000
-0.30	-0.20	19.0	20.0		0.917	0.046	0.033	0.000	0.000
-0.30	-0.20	20.0	22.0		0.889	0.033	0.027	0.049	0.049
-0.30	-0.20	22.0	25.0		0.904	0.020	0.017	0.035	0.035
-0.30	-0.20	25.0	30.0		0.891	0.011	0.010	0.018	0.018
-0.30	-0.20	30.0	35.0		0.892	0.008	0.008	0.000	0.000
-0.30	-0.20	35.0	40.0		0.897	0.006	0.006	0.012	0.012
-0.30	-0.20	40.0	45.0		0.895	0.006	0.006	0.000	0.000
-0.30	-0.20	45.0	50.0		0.898	0.007	0.007	0.014	0.014
-0.30	-0.20	50.0	60.0		0.887	0.010	0.009	0.013	0.013
-0.30	-0.20	60.0	100.0		0.871	0.017	0.016	0.031	0.031
-0.30	-0.20	100.0	200.0		0.865	0.065	0.048	0.000	0.000
-0.20	0.20	0.0	10.0		0.000	0.000	0.060	0.000	0.000
-0.20	0.20	10.0	15.0		0.000	0.000	0.009	0.000	0.000
-0.20	0.20	15.0	16.0		0.000	0.000	0.021	0.000	0.000
-0.20	0.20	16.0	17.0		0.009	0.007	0.020	0.000	0.000
-0.20	0.20	17.0	18.0		0.963	0.022	0.015	0.000	0.000
-0.20	0.20	18.0	19.0		0.954	0.019	0.014	0.000	0.000
-0.20	0.20	19.0	20.0		0.974	0.015	0.010	0.024	0.024
-0.20	0.20	20.0	22.0		0.978	0.007	0.006	0.024	0.024
-0.20	0.20	22.0	25.0		0.959	0.006	0.005	0.010	0.010
-0.20	0.20	25.0	30.0		0.965	0.003	0.003	0.000	0.000
-0.20	0.20	30.0	35.0		0.968	0.002	0.002	0.004	0.004
-0.20	0.20	35.0	40.0		0.965	0.002	0.002	0.002	0.002
-0.20	0.20	40.0	45.0		0.965	0.002	0.002	0.000	0.000
-0.20	0.20	45.0	50.0		0.963	0.002	0.002	0.000	0.000
-0.20	0.20	50.0	60.0		0.961	0.003	0.003	0.000	0.000
-0.20	0.20	60.0	100.0		0.962	0.005	0.004	0.000	0.000
-0.20	0.20	100.0	200.0		0.950	0.018	0.014	0.000	0.000
0.20	0.30	0.0	10.0		0.000	0.000	0.206	0.000	0.000
0.20	0.30	10.0	15.0		0.000	0.000	0.041	0.000	0.000
0.20	0.30	15.0	16.0		0.000	0.000	0.062	0.000	0.000
0.20	0.30	16.0	17.0		0.000	0.000	0.064	0.000	0.000
0.20	0.30	17.0	18.0		0.966	0.075	0.029	0.174	0.174
0.20	0.30	18.0	19.0		0.851	0.071	0.053	0.000	0.000
0.20	0.30	19.0	20.0		0.913	0.063	0.041	0.000	0.000
0.20	0.30	20.0	22.0		0.966	0.026	0.016	0.100	0.100
0.20	0.30	22.0	25.0		0.933	0.018	0.015	0.021	0.021
0.20	0.30	25.0	30.0		0.913	0.011	0.010	0.000	0.000
0.20	0.30	30.0	35.0		0.908	0.007	0.007	0.015	0.015
0.20	0.30	35.0	40.0		0.902	0.006	0.006	0.007	0.007
0.20	0.30	40.0	45.0		0.893	0.006	0.006	0.014	0.014
0.20	0.30	45.0	50.0		0.905	0.007	0.007	0.016	0.016
0.20	0.30	50.0	60.0		0.879	0.010	0.010	0.022	0.022
0.20	0.30	60.0	100.0		0.904	0.017	0.015	0.000	0.000
0.20	0.30	100.0	200.0		0.896	0.064	0.044	0.000	0.000
0.30	0.80	0.0	10.0		0.000	0.000	0.026	0.000	0.000
0.30	0.80	10.0	15.0		0.000	0.000	0.006	0.000	0.000
0.30	0.80	15.0	16.0		0.000	0.000	0.014	0.000	0.000
0.30	0.80	16.0	17.0		0.013	0.008	0.017	0.000	0.000
0.30	0.80	17.0	18.0		0.931	0.025	0.019	0.028	0.028
0.30	0.80	18.0	19.0		0.957	0.019	0.014	0.000	0.000
0.30	0.80	19.0	20.0		0.984	0.012	0.008	0.000	0.000
0.30	0.80	20.0	22.0		0.982	0.007	0.005	0.030	0.030
0.30	0.80	22.0	25.0		0.970	0.005	0.005	0.008	0.008
0.30	0.80	25.0	30.0		0.977	0.002	0.002	0.004	0.004
0.30	0.80	30.0	35.0		0.974	0.002	0.002	0.002	0.002
0.30	0.80	35.0	40.0		0.973	0.001	0.001	0.003	0.003
0.30	0.80	40.0	45.0		0.973	0.001	0.001	0.000	0.000
0.30	0.80	45.0	50.0		0.972	0.002	0.002	0.002	0.002
0.30	0.80	50.0	60.0		0.974	0.002	0.002	0.007	0.007
0.30	0.80	60.0	100.0		0.969	0.004	0.004	0.000	0.000
0.30	0.80	100.0	200.0		0.976	0.013	0.009	0.000	0.000
0.80	1.20	0.0	10.0		0.000	0.000	0.018	0.000	0.000
0.80	1.20	10.0	15.0		0.000	0.000	0.008	0.000	0.000
0.80	1.20	15.0	16.0		0.000	0.000	0.025	0.000	0.000
0.80	1.20	16.0	17.0		0.067	0.028	0.043	0.052	0.052
0.80	1.20	17.0	18.0		0.883	0.039	0.031	0.039	0.039
0.80	1.20	18.0	19.0		0.947	0.030	0.021	0.049	0.049
0.80	1.20	19.0	20.0		0.962	0.025	0.017	0.000	0.000
0.80	1.20	20.0	22.0		0.974	0.012	0.009	0.039	0.039
0.80	1.20	22.0	25.0		0.958	0.008	0.007	0.000	0.000
0.80	1.20	25.0	30.0		0.962	0.004	0.004	0.006	0.006
0.80	1.20	30.0	35.0		0.960	0.003	0.003	0.000	0.000
0.80	1.20	35.0	40.0		0.962	0.002	0.002	0.002	0.002
0.80	1.20	40.0	45.0		0.960	0.002	0.002	0.004	0.004
0.80	1.20	45.0	50.0		0.962	0.002	0.002	0.000	0.000
0.80	1.20	50.0	60.0		0.957	0.003	0.003	0.007	0.007
0.80	1.20	60.0	100.0		0.956	0.005	0.005	0.013	0.013
0.80	1.20	100.0	200.0		0.959	0.021	0.015	0.039	0.039
1.20	1.60	0.0	10.0		0.000	0.000	0.009	0.000	0.000
1.20	1.60	10.0	15.0		0.004	0.003	0.010	0.000	0.000
1.20	1.60	15.0	16.0		0.019	0.012	0.024	0.000	0.000
1.20	1.60	16.0	17.0		0.088	0.030	0.040	0.047	0.047
1.20	1.60	17.0	18.0		0.922	0.031	0.024	0.000	0.000
1.20	1.60	18.0	19.0		0.957	0.025	0.017	0.028	0.028
1.20	1.60	19.0	20.0		0.963	0.021	0.015	0.000	0.000
1.20	1.60	20.0	22.0		0.944	0.014	0.012	0.000	0.000
1.20	1.60	22.0	25.0		0.954	0.009	0.007	0.000	0.000
1.20	1.60	25.0	30.0		0.957	0.004	0.004	0.006	0.006
1.20	1.60	30.0	35.0		0.957	0.003	0.003	0.000	0.000
1.20	1.60	35.0	40.0		0.956	0.003	0.002	0.000	0.000
1.20	1.60	40.0	45.0		0.958	0.002	0.002	0.006	0.006
1.20	1.60	45.0	50.0		0.961	0.002	0.002	0.000	0.000
1.20	1.60	50.0	60.0		0.962	0.003	0.003	0.008	0.008
1.20	1.60	60.0	100.0		0.959	0.006	0.005	0.007	0.007
1.20	1.60	100.0	200.0		0.956	0.021	0.015	0.000	0.000
1.60	2.10	0.0	10.0		0.000	0.000	0.005	0.000	0.000
1.60	2.10	10.0	15.0		0.000	0.000	0.004	0.000	0.000
1.60	2.10	15.0	16.0		0.000	0.000	0.014	0.000	0.000
1.60	2.10	16.0	17.0		0.037	0.015	0.022	0.000	0.000
1.60	2.10	17.0	18.0		0.918	0.026	0.020	0.038	0.038
1.60	2.10	18.0	19.0		0.941	0.021	0.016	0.000	0.000
1.60	2.10	19.0	20.0		0.955	0.018	0.013	0.000	0.000
1.60	2.10	20.0	22.0		0.938	0.011	0.010	0.024	0.024
1.60	2.10	22.0	25.0		0.956	0.007	0.006	0.000	0.000
1.60	2.10	25.0	30.0		0.954	0.004	0.004	0.000	0.000
1.60	2.10	30.0	35.0		0.946	0.003	0.003	0.000	0.000
1.60	2.10	35.0	40.0		0.947	0.003	0.003	0.000	0.000
1.60	2.10	40.0	45.0		0.948	0.002	0.002	0.004	0.004
1.60	2.10	45.0	50.0		0.948	0.003	0.003	0.006	0.006
1.60	2.10	50.0	60.0		0.945	0.004	0.004	0.000	0.000
1.60	2.10	60.0	100.0		0.953	0.006	0.005	0.000	0.000
1.60	2.10	100.0	200.0		0.944	0.027	0.019	0.000	0.000
2.10	2.40	0.0	10.0		0.000	0.000	0.006	0.000	0.000
2.10	2.40	10.0	15.0		0.000	0.000	0.006	0.000	0.000
2.10	2.40	15.0	16.0		0.000	0.000	0.020	0.000	0.000
2.10	2.40	16.0	17.0		0.063	0.025	0.036	0.000	0.000
2.10	2.40	17.0	18.0		0.845	0.042	0.035	0.000	0.000
2.10	2.40	18.0	19.0		0.831	0.041	0.035	0.071	0.071
2.10	2.40	19.0	20.0		0.917	0.031	0.024	0.000	0.000
2.10	2.40	20.0	22.0		0.916	0.018	0.016	0.019	0.019
2.10	2.40	22.0	25.0		0.906	0.013	0.012	0.000	0.000
2.10	2.40	25.0	30.0		0.926	0.007	0.007	0.013	0.013
2.10	2.40	30.0	35.0		0.930	0.005	0.005	0.011	0.011
2.10	2.40	35.0	40.0		0.924	0.005	0.004	0.005	0.005
2.10	2.40	40.0	45.0		0.928	0.004	0.004	0.000	0.000
2.10	2.40	45.0	50.0		0.928	0.005	0.005	0.009	0.009
2.10	2.40	50.0	60.0		0.920	0.007	0.007	0.012	0.012
2.10	2.40	60.0	100.0		0.921	0.012	0.011	0.018	0.018
2.10	2.40	100.0	200.0		0.800	0.069	0.056	0.205	0.205
