-2.40	-2.10	5.0	15.0		0.000	0.000	0.005	0.000	0.000
-2.40	-2.10	15.0	21.5		0.000	0.000	0.003	0.000	0.000
-2.40	-2.10	21.5	24.0		0.054	0.011	0.014	0.015	0.015
-2.40	-2.10	24.0	25.5		0.694	0.027	0.026	0.000	0.000
-2.40	-2.10	25.5	26.5		0.705	0.033	0.031	0.089	0.089
-2.40	-2.10	26.5	27.5		0.716	0.031	0.030	0.000	0.000
-2.40	-2.10	27.5	28.5		0.735	0.029	0.028	0.034	0.034
-2.40	-2.10	28.5	29.5		0.719	0.027	0.026	0.099	0.099
-2.40	-2.10	29.5	32.5		0.756	0.013	0.013	0.039	0.039
-2.40	-2.10	32.5	37.5		0.797	0.008	0.008	0.023	0.023
-2.40	-2.10	37.5	42.5		0.812	0.007	0.007	0.008	0.008
-2.40	-2.10	42.5	47.5		0.827	0.007	0.007	0.009	0.009
-2.40	-2.10	47.5	55.0		0.839	0.009	0.009	0.021	0.021
-2.40	-2.10	55.0	80.0		0.838	0.014	0.013	0.037	0.037
-2.40	-2.10	80.0	150.0		0.857	0.038	0.032	0.000	0.000
-2.10	-1.60	5.0	15.0		0.000	0.000	0.003	0.000	0.000
-2.10	-1.60	15.0	21.5		0.001	0.001	0.002	0.000	0.000
-2.10	-1.60	21.5	24.0		0.023	0.005	0.007	0.009	0.009
-2.10	-1.60	24.0	25.5		0.835	0.017	0.016	0.055	0.055
-2.10	-1.60	25.5	26.5		0.883	0.017	0.015	0.000	0.000
-2.10	-1.60	26.5	27.5		0.866	0.018	0.016	0.021	0.021
-2.10	-1.60	27.5	28.5		0.868	0.015	0.014	0.038	0.038
-2.10	-1.60	28.5	29.5		0.899	0.014	0.012	0.000	0.000
-2.10	-1.60	29.5	32.5		0.901	0.007	0.006	0.011	0.011
-2.10	-1.60	32.5	37.5		0.894	0.004	0.004	0.014	0.014
-2.10	-1.60	37.5	42.5		0.905	0.003	0.003	0.004	0.004
-2.10	-1.60	42.5	47.5		0.914	0.003	0.003	0.014	0.014
-2.10	-1.60	47.5	55.0		0.909	0.004	0.004	0.006	0.006
-2.10	-1.60	55.0	80.0		0.913	0.006	0.006	0.010	0.010
-2.10	-1.60	80.0	150.0		0.911	0.019	0.016	0.000	0.000
-1.60	-1.20	5.0	15.0		0.000	0.000	0.005	0.000	0.000
-1.60	-1.20	15.0	21.5		0.005	0.003	0.004	0.000	0.000
-1.60	-1.20	21.5	24.0		0.025	0.006	0.008	0.000	0.000
-1.60	-1.20	24.0	25.5		0.795	0.021	0.020	0.026	0.026
-1.60	-1.20	25.5	26.5		0.841	0.022	0.020	0.031	0.031
-1.60	-1.20	26.5	27.5		0.867	0.019	0.017	0.000	0.000
-1.60	-1.20	27.5	28.5		0.867	0.018	0.016	0.025	0.025
-1.60	-1.20	28.5	29.5		0.879	0.016	0.015	0.033	0.033
-1.60	-1.20	29.5	32.5		0.896	0.008	0.007	0.000	0.000
-1.60	-1.20	32.5	37.5		0.913	0.004	0.004	0.007	0.007
-1.60	-1.20	37.5	42.5		0.929	0.003	0.003	0.012	0.012
-1.60	-1.20	42.5	47.5		0.925	0.003	0.003	0.003	0.003
-1.60	-1.20	47.5	55.0		0.938	0.004	0.004	0.004	0.004
-1.60	-1.20	55.0	80.0		0.931	0.006	0.006	0.020	0.020
-1.60	-1.20	80.0	150.0		0.957	0.015	0.012	0.000	0.000
-1.20	-0.80	5.0	15.0		0.000	0.000	0.005	0.000	0.000
-1.20	-0.80	15.0	21.5		0.000	0.000	0.002	0.000	0.000
-1.20	-0.80	21.5	24.0		0.010	0.004	0.006	0.000	0.000
-1.20	-0.80	24.0	25.5		0.855	0.018	0.017	0.021	0.021
-1.20	-0.80	25.5	26.5		0.896	0.018	0.016	0.031	0.031
-1.20	-0.80	26.5	27.5		0.884	0.019	0.016	0.000	0.000
-1.20	-0.80	27.5	28.5		0.905	0.015	0.013	0.016	0.016
-1.20	-0.80	28.5	29.5		0.920	0.013	0.011	0.020	0.020
-1.20	-0.80	29.5	32.5		0.925	0.006	0.006	0.017	0.017
-1.20	-0.80	32.5	37.5		0.928	0.004	0.003	0.000	0.000
-1.20	-0.80	37.5	42.5		0.926	0.003	0.003	0.005	0.005
-1.20	-0.80	42.5	47.5		0.935	0.003	0.003	0.000	0.000
-1.20	-0.80	47.5	55.0		0.938	0.004	0.003	0.004	0.004
-1.20	-0.80	55.0	80.0		0.928	0.006	0.005	0.008	0.008
-1.20	-0.80	80.0	150.0		0.931	0.014	0.012	0.030	0.030
-0.80	-0.30	5.0	15.0		0.000	0.000	0.004	0.000	0.000
-0.80	-0.30	15.0	21.5		0.000	0.000	0.001	0.000	0.000
-0.80	-0.30	21.5	24.0		0.012	0.003	0.005	0.007	0.007
-0.80	-0.30	24.0	25.5		0.898	0.012	0.011	0.017	0.017
-0.80	-0.30	25.5	26.5		0.939	0.011	0.009	0.024	0.024
-0.80	-0.30	26.5	27.5		0.950	0.010	0.008	0.010	0.010
-0.80	-0.30	27.5	28.5		0.935	0.010	0.008	0.000	0.000
-0.80	-0.30	28.5	29.5		0.950	0.008	0.007	0.012	0.012
-0.80	-0.30	29.5	32.5		0.956	0.004	0.003	0.006	0.006
-0.80	-0.30	32.5	37.5		0.957	0.002	0.002	0.000	0.000
-0.80	-0.30	37.5	42.5		0.958	0.002	0.002	0.003	0.003
-0.80	-0.30	42.5	47.5		0.956	0.002	0.002	0.004	0.004
-0.80	-0.30	47.5	55.0		0.960	0.002	0.002	0.000	0.000
-0.80	-0.30	55.0	80.0		0.958	0.004	0.003	0.005	0.005
-0.80	-0.30	80.0	150.0		0.947	0.012	0.010	0.000	0.000
-0.30	-0.20	5.0	15.0		0.000	0.000	0.026	0.000	0.000
-0.30	-0.20	15.0	21.5		0.004	0.003	0.009	0.000	0.000
-0.30	-0.20	21.5	24.0		0.004	0.004	0.010	0.000	0.000
-0.30	-0.20	24.0	25.5		0.822	0.033	0.029	0.000	0.000
-0.30	-0.20	25.5	26.5		0.885	0.036	0.029	0.037	0.037
-0.30	-0.20	26.5	27.5		0.818	0.040	0.035	0.072	0.072
-0.30	-0.20	27.5	28.5		0.797	0.034	0.031	0.000	0.000
-0.30	-0.20	28.5	29.5		0.874	0.027	0.023	0.066	0.066
-0.30	-0.20	29.5	32.5		0.877	0.013	0.012	0.027	0.027
-0.30	-0.20	32.5	37.5		0.868	0.009	0.008	0.000	0.000
-0.30	-0.20	37.5	42.5		0.874	0.007	0.007	0.000	0.000
-0.30	-0.20	42.5	47.5		0.871	0.007	0.007	0.014	0.014
-0.30	-0.20	47.5	55.0		0.885	0.009	0.009	0.010	0.010
-0.30	-0.20	55.0	80.0		0.863	0.015	0.014	0.020	0.020
-0.30	-0.20	80.0	150.0		0.884	0.043	0.033	0.000	0.000
-0.20	0.20	5.0	15.0		0.000	0.000	0.007	0.000	0.000
-0.20	0.20	15.0	21.5		0.000	0.000	0.002	0.000	0.000
-0.20	0.20	21.5	24.0		0.008	0.003	0.004	0.000	0.000
-0.20	0.20	24.0	25.5		0.890	0.013	0.012	0.000	0.000
-0.20	0.20	25.5	26.5		0.921	0.012	0.011	0.020	0.020
-0.20	0.20	26.5	27.5		0.923	0.011	0.010	0.023	0.023
-0.20	0.20	27.5	28.5		0.936	0.010	0.009	0.000	0.000
-0.20	0.20	28.5	29.5		0.936	0.009	0.008	0.000	0.000
-0.20	0.20	29.5	32.5		0.951	0.004	0.004	0.013	0.013
-0.20	0.20	32.5	37.5		0.947	0.003	0.003	0.006	0.006
-0.20	0.20	37.5	42.5		0.953	0.002	0.002	0.005	0.005
-0.20	0.20	42.5	47.5		0.954	0.002	0.002	0.004	0.004
-0.20	0.20	47.5	55.0		0.950	0.003	0.003	0.003	0.003
-0.20	0.20	55.0	80.0		0.947	0.005	0.004	0.008	0.008
-0.20	0.20	80.0	150.0		0.937	0.014	0.012	0.016	0.016
0.20	0.30	5.0	15.0		0.000	0.000	0.035	0.000	0.000
0.20	0.30	15.0	21.5		0.000	0.000	0.007	0.000	0.000
0.20	0.30	21.5	24.0		0.000	0.000	0.009	0.000	0.000
0.20	0.30	24.0	25.5		0.838	0.035	0.030	0.053	0.053
0.20	0.30	25.5	26.5		0.766	0.043	0.039	0.122	0.122
0.20	0.30	26.5	27.5		0.833	0.037	0.032	0.061	0.061
0.20	0.30	27.5	28.5		0.839	0.032	0.028	0.033	0.033
0.20	0.30	28.5	29.5		0.843	0.030	0.026	0.043	0.043
0.20	0.30	29.5	32.5		0.876	0.013	0.012	0.030	0.030
0.20	0.30	32.5	37.5		0.883	0.008	0.008	0.017	0.017
0.20	0.30	37.5	42.5		0.888	0.007	0.007	0.000	0.000
0.20	0.30	42.5	47.5		0.880	0.007	0.007	0.012	0.012
0.20	0.30	47.5	55.0		0.882	0.010	0.009	0.019	0.019
0.20	0.30	55.0	80.0		0.898	0.014	0.013	0.027	0.027
0.20	0.30	80.0	150.0		0.908	0.039	0.029	0.090	0.090
0.30	0.80	5.0	15.0		0.000	0.000	0.004	0.000	0.000
0.30	0.80	15.0	21.5		0.001	0.001	0.002	0.000	0.000
0.30	0.80	21.5	24.0		0.005	0.002	0.003	0.000	0.000
0.30	0.80	24.0	25.5		0.913	0.011	0.010	0.000	0.000
0.30	0.80	25.5	26.5		0.935	0.011	0.010	0.000	0.000
0.30	0.80	26.5	27.5		0.933	0.011	0.009	0.040	0.040
0.30	0.80	27.5	28.5		0.956	0.008	0.007	0.000	0.000
0.30	0.80	28.5	29.5		0.958	0.007	0.006	0.023	0.023
0.30	0.80	29.5	32.5		0.957	0.003	0.003	0.009	0.009
0.30	0.80	32.5	37.5		0.966	0.002	0.002	0.005	0.005
0.30	0.80	37.5	42.5		0.964	0.002	0.002	0.004	0.004
0.30	0.80	42.5	47.5		0.966	0.002	0.002	0.000	0.000
0.30	0.80	47.5	55.0		0.960	0.002	0.002	0.006	0.006
0.30	0.80	55.0	80.0		0.962	0.004	0.003	0.006	0.006
0.30	0.80	80.0	150.0		0.956	0.011	0.009	0.000	0.000
0.80	1.20	5.0	15.0		0.000	0.000	0.005	0.000	0.000
0.80	1.20	15.0	21.5		0.001	0.001	0.003	0.000	0.000
0.80	1.20	21.5	24.0		0.007	0.003	0.005	0.009	0.009
0.80	1.20	24.0	25.5		0.857	0.018	0.017	0.000	0.000
0.80	1.20	25.5	26.5		0.898	0.019	0.017	0.000	0.000
0.80	1.20	26.5	27.5		0.911	0.016	0.014	0.017	0.017
0.80	1.20	27.5	28.5		0.924	0.014	0.012	0.032	0.032
0.80	1.20	28.5	29.5		0.926	0.013	0.011	0.016	0.016
0.80	1.20	29.5	32.5		0.935	0.006	0.005	0.016	0.016
0.80	1.20	32.5	37.5		0.937	0.003	0.003	0.008	0.008
0.80	1.20	37.5	42.5		0.936	0.003	0.003	0.004	0.004
0.80	1.20	42.5	47.5		0.941	0.003	0.002	0.004	0.004
0.80	1.20	47.5	55.0		0.946	0.003	0.003	0.004	0.004
0.80	1.20	55.0	80.0		0.946	0.005	0.005	0.010	0.010
0.80	1.20	80.0	150.0		0.946	0.015	0.012	0.018	0.018
1.20	1.60	5.0	15.0		0.000	0.000	0.005	0.000	0.000
1.20	1.60	15.0	21.5		0.006	0.003	0.004	0.000	0.000
1.20	1.60	21.5	24.0		0.024	0.007	0.009	0.014	0.014
1.20	1.60	24.0	25.5		0.858	0.019	0.017	0.000	0.000
1.20	1.60	25.5	26.5		0.917	0.017	0.015	0.062	0.062
1.20	1.60	26.5	27.5		0.915	0.018	0.015	0.000	0.000
1.20	1.60	27.5	28.5		0.910	0.016	0.014	0.020	0.020
1.20	1.60	28.5	29.5		0.917	0.014	0.012	0.040	0.040
1.20	1.60	29.5	32.5		0.925	0.007	0.006	0.012	0.012
1.20	1.60	32.5	37.5		0.931	0.004	0.004	0.000	0.000
1.20	1.60	37.5	42.5		0.937	0.003	0.003	0.008	0.008
1.20	1.60	42.5	47.5		0.947	0.003	0.003	0.003	0.003
1.20	1.60	47.5	55.0		0.945	0.004	0.004	0.005	0.005
1.20	1.60	55.0	80.0		0.957	0.005	0.005	0.000	0.000
1.20	1.60	80.0	150.0		0.951	0.016	0.012	0.019	0.019
1.60	2.10	5.0	15.0		0.000	0.000	0.003	0.000	0.000
1.60	2.10	15.0	21.5		0.002	0.001	0.002	0.000	0.000
1.60	2.10	21.5	24.0		0.024	0.005	0.007	0.000	0.000
1.60	2.10	24.0	25.5		0.839	0.017	0.016	0.000	0.000
1.60	2.10	25.5	26.5		0.916	0.016	0.014	0.036	0.036
1.60	2.10	26.5	27.5		0.882	0.016	0.014	0.000	0.000
1.60	2.10	27.5	28.5		0.896	0.015	0.013	0.027	0.027
1.60	2.10	28.5	29.5		0.902	0.013	0.012	0.023	0.023
1.60	2.10	29.5	32.5		0.907	0.006	0.006	0.011	0.011
1.60	2.10	32.5	37.5		0.920	0.004	0.004	0.005	0.005
1.60	2.10	37.5	42.5		0.927	0.003	0.003	0.005	0.005
1.60	2.10	42.5	47.5		0.923	0.003	0.003	0.000	0.000
1.60	2.10	47.5	55.0		0.920	0.004	0.004	0.000	0.000
1.60	2.10	55.0	80.0		0.927	0.006	0.006	0.006	0.006
1.60	2.10	80.0	150.0		0.893	0.021	0.018	0.047	0.047
2.10	2.40	5.0	15.0		0.000	0.000	0.005	0.000	0.000
2.10	2.40	15.0	21.5		0.000	0.000	0.003	0.000	0.000
2.10	2.40	21.5	24.0		0.026	0.008	0.011	0.011	0.011
2.10	2.40	24.0	25.5		0.708	0.026	0.025	0.000	0.000
2.10	2.40	25.5	26.5		0.724	0.031	0.029	0.056	0.056
2.10	2.40	26.5	27.5		0.747	0.030	0.028	0.093	0.093
2.10	2.40	27.5	28.5		0.797	0.027	0.024	0.000	0.000
2.10	2.40	28.5	29.5		0.788	0.025	0.023	0.034	0.034
2.10	2.40	29.5	32.5		0.811	0.012	0.011	0.000	0.000
2.10	2.40	32.5	37.5		0.839	0.007	0.007	0.012	0.012
2.10	2.40	37.5	42.5		0.855	0.006	0.006	0.018	0.018
2.10	2.40	42.5	47.5		0.855	0.006	0.006	0.008	0.008
2.10	2.40	47.5	55.0		0.860	0.008	0.008	0.009	0.009
2.10	2.40	55.0	80.0		0.870	0.012	0.011	0.014	0.014
2.10	2.40	80.0	150.0		0.872	0.047	0.037	0.050	0.050
