-2.50	-2.40	0.0	20.0		0.004	0.001	0.002	0.000	0.000
-2.50	-2.40	20.0	23.0		0.078	0.009	0.010	0.010	0.010
-2.50	-2.40	23.0	24.0		0.391	0.025	0.026	0.062	0.062
-2.50	-2.40	24.0	25.0		0.605	0.025	0.024	0.000	0.000
-2.50	-2.40	25.0	26.0		0.752	0.022	0.021	0.038	0.038
-2.50	-2.40	26.0	30.0		0.801	0.008	0.008	0.015	0.015
-2.50	-2.40	30.0	35.0		0.853	0.005	0.005	0.021	0.021
-2.50	-2.40	35.0	40.0		0.875	0.004	0.004	0.008	0.008
-2.50	-2.40	40.0	45.0		0.895	0.003	0.003	0.004	0.004
-2.50	-2.40	45.0	50.0		0.903	0.003	0.003	0.004	0.004
-2.50	-2.40	50.0	60.0		0.914	0.005	0.005	0.013	0.013
-2.50	-2.40	60.0	100.0		0.926	0.010	0.009	0.000	0.000
-2.50	-2.40	100.0	200.0		0.992	0.018	0.007	0.039	0.039
-2.40	-2.30	0.0	20.0		0.001	0.001	0.001	0.000	0.000
-2.40	-2.30	20.0	23.0		0.059	0.008	0.009	0.000	0.000
-2.40	-2.30	23.0	24.0		0.367	0.025	0.026	0.028	0.028
-2.40	-2.30	24.0	25.0		0.600	0.024	0.024	0.036	0.036
-2.40	-2.30	25.0	26.0		0.806	0.020	0.018	0.059	0.059
-2.40	-2.30	26.0	30.0		0.933	0.005	0.005	0.000	0.000
-2.40	-2.30	30.0	35.0		0.953	0.003	0.003	0.004	0.004
-2.40	-2.30	35.0	40.0		0.962	0.002	0.002	0.004	0.004
-2.40	-2.30	40.0	45.0		0.965	0.002	0.002	0.002	0.002
-2.40	-2.30	45.0	50.0		0.968	0.002	0.002	0.003	0.003
-2.40	-2.30	50.0	60.0		0.974	0.003	0.002	0.004	0.004
-2.40	-2.30	60.0	100.0		0.984	0.005	0.004	0.007	0.007
-2.40	-2.30	100.0	200.0		0.988	0.016	0.008	0.032	0.032
-2.30	-2.20	0.0	20.0		0.001	0.001	0.001	0.000	0.000
-2.30	-2.20	20.0	23.0		0.058	0.007	0.008	0.014	0.014
-2.30	-2.20	23.0	24.0		0.405	0.025	0.025	0.032	0.032
-2.30	-2.20	24.0	25.0		0.675	0.024	0.024	0.000	0.000
-2.30	-2.20	25.0	26.0		0.822	0.018	0.017	0.000	0.000
-2.30	-2.20	26.0	30.0		0.912	0.006	0.005	0.013	0.013
-2.30	-2.20	30.0	35.0		0.951	0.003	0.003	0.009	0.009
-2.30	-2.20	35.0	40.0		0.951	0.002	0.002	0.006	0.006
-2.30	-2.20	40.0	45.0		0.954	0.002	0.002	0.004	0.004
-2.30	-2.20	45.0	50.0		0.964	0.002	0.002	0.006	0.006
-2.30	-2.20	50.0	60.0		0.963	0.003	0.003	0.006	0.006
-2.30	-2.20	60.0	100.0		0.970	0.006	0.005	0.009	0.009
-2.30	-2.20	100.0	200.0		0.987	0.017	0.008	0.000	0.000
-2.20	-2.10	0.0	20.0		0.004	0.001	0.002	0.003	0.003
-2.20	-2.10	20.0	23.0		0.061	0.007	0.008	0.010	0.010
-2.20	-2.10	23.0	24.0		0.358	0.025	0.026	0.000	0.000
-2.20	-2.10	24.0	25.0		0.577	0.023	0.022	0.000	0.000
-2.20	-2.10	25.0	26.0		0.784	0.019	0.018	0.033	0.033
-2.20	-2.10	26.0	30.0		0.919	0.005	0.005	0.006	0.006
-2.20	-2.10	30.0	35.0		0.942	0.003	0.003	0.000	0.000
-2.20	-2.10	35.0	40.0		0.955	0.002	0.002	0.005	0.005
-2.20	-2.10	40.0	45.0		0.959	0.002	0.002	0.002	0.002
-2.20	-2.10	45.0	50.0		0.965	0.002	0.002	0.004	0.004
-2.20	-2.10	50.0	60.0		0.963	0.003	0.003	0.009	0.009
-2.20	-2.10	60.0	100.0		0.987	0.004	0.003	0.011	0.011
-2.20	-2.10	100.0	200.0		0.994	0.015	0.005	0.000	0.000
-2.10	-1.57	0.0	20.0		0.008	0.001	0.001	0.004	0.004
-2.10	-1.57	20.0	23.0		0.089	0.003	0.004	0.000	0.000
-2.10	-1.57	23.0	24.0		0.421	0.009	0.009	0.034	0.034
-2.10	-1.57	24.0	25.0		0.646	0.009	0.008	0.010	0.010
-2.10	-1.57	25.0	26.0		0.793	0.007	0.007	0.016	0.016
-2.10	-1.57	26.0	30.0		0.915	0.002	0.002	0.004	0.004
-2.10	-1.57	30.0	35.0		0.943	0.001	0.001	0.000	0.000
-2.10	-1.57	35.0	40.0		0.954	0.001	0.001	0.002	0.002
-2.10	-1.57	40.0	45.0		0.964	0.001	0.001	0.001	0.001
-2.10	-1.57	45.0	50.0		0.972	0.001	0.001	0.001	0.001
-2.10	-1.57	50.0	60.0		0.973	0.001	0.001	0.001	0.001
-2.10	-1.57	60.0	100.0		0.976	0.002	0.002	0.000	0.000
-2.10	-1.57	100.0	200.0		0.988	0.004	0.003	0.000	0.000
-1.57	-1.44	0.0	20.0		0.017	0.003	0.004	0.016	0.016
-1.57	-1.44	20.0	23.0		0.181	0.011	0.012	0.034	0.034
-1.57	-1.44	23.0	24.0		0.480	0.025	0.025	0.027	0.027
-1.57	-1.44	24.0	25.0		0.708	0.020	0.020	0.031	0.031
-1.57	-1.44	25.0	26.0		0.774	0.019	0.018	0.021	0.021
-1.57	-1.44	26.0	30.0		0.859	0.006	0.006	0.000	0.000
-1.57	-1.44	30.0	35.0		0.889	0.004	0.004	0.007	0.007
-1.57	-1.44	35.0	40.0		0.919	0.003	0.003	0.003	0.003
-1.57	-1.44	40.0	45.0		0.926	0.002	0.002	0.007	0.007
-1.57	-1.44	45.0	50.0		0.942	0.003	0.003	0.000	0.000
-1.57	-1.44	50.0	60.0		0.943	0.004	0.004	0.000	0.000
-1.57	-1.44	60.0	100.0		0.942	0.008	0.007	0.000	0.000
-1.57	-1.44	100.0	200.0		0.962	0.020	0.014	0.000	0.000
-1.44	-0.80	0.0	20.0		0.004	0.001	0.001	0.003	0.003
-1.44	-0.80	20.0	23.0		0.098	0.003	0.003	0.004	0.004
-1.44	-0.80	23.0	24.0		0.536	0.008	0.008	0.014	0.014
-1.44	-0.80	24.0	25.0		0.776	0.007	0.006	0.009	0.009
-1.44	-0.80	25.0	26.0		0.855	0.005	0.005	0.000	0.000
-1.44	-0.80	26.0	30.0		0.899	0.002	0.002	0.002	0.002
-1.44	-0.80	30.0	35.0		0.925	0.001	0.001	0.001	0.001
-1.44	-0.80	35.0	40.0		0.939	0.001	0.001	0.001	0.001
-1.44	-0.80	40.0	45.0		0.947	0.001	0.001	0.001	0.001
-1.44	-0.80	45.0	50.0		0.950	0.001	0.001	0.002	0.002
-1.44	-0.80	50.0	60.0		0.953	0.001	0.001	0.003	0.003
-1.44	-0.80	60.0	100.0		0.960	0.002	0.002	0.000	0.000
-1.44	-0.80	100.0	200.0		0.974	0.004	0.003	0.000	0.000
-0.80	-0.40	0.0	20.0		0.002	0.000	0.001	0.000	0.000
-0.80	-0.40	20.0	23.0		0.088	0.004	0.004	0.006	0.006
-0.80	-0.40	23.0	24.0		0.633	0.010	0.010	0.000	0.000
-0.80	-0.40	24.0	25.0		0.851	0.007	0.006	0.015	0.015
-0.80	-0.40	25.0	26.0		0.891	0.005	0.005	0.012	0.012
-0.80	-0.40	26.0	30.0		0.904	0.002	0.002	0.005	0.005
-0.80	-0.40	30.0	35.0		0.922	0.001	0.001	0.000	0.000
-0.80	-0.40	35.0	40.0		0.938	0.001	0.001	0.000	0.000
-0.80	-0.40	40.0	45.0		0.944	0.001	0.001	0.000	0.000
-0.80	-0.40	45.0	50.0		0.951	0.001	0.001	0.000	0.000
-0.80	-0.40	50.0	60.0		0.959	0.001	0.001	0.000	0.000
-0.80	-0.40	60.0	100.0		0.972	0.002	0.002	0.002	0.002
-0.80	-0.40	100.0	200.0		0.983	0.004	0.003	0.005	0.005
-0.40	0.00	0.0	20.0		0.001	0.000	0.000	0.001	0.001
-0.40	0.00	20.0	23.0		0.074	0.003	0.003	0.000	0.000
-0.40	0.00	23.0	24.0		0.662	0.009	0.009	0.011	0.011
-0.40	0.00	24.0	25.0		0.872	0.006	0.006	0.000	0.000
-0.40	0.00	25.0	26.0		0.900	0.005	0.005	0.010	0.010
-0.40	0.00	26.0	30.0		0.911	0.002	0.002	0.000	0.000
-0.40	0.00	30.0	35.0		0.928	0.001	0.001	0.002	0.002
-0.40	0.00	35.0	40.0		0.943	0.001	0.001	0.001	0.001
-0.40	0.00	40.0	45.0		0.950	0.001	0.001	0.000	0.000
-0.40	0.00	45.0	50.0		0.956	0.001	0.001	0.001	0.001
-0.40	0.00	50.0	60.0		0.962	0.001	0.001	0.000	0.000
-0.40	0.00	60.0	100.0		0.974	0.002	0.002	0.002	0.002
-0.40	0.00	100.0	200.0		0.983	0.004	0.003	0.006	0.006
0.00	0.40	0.0	20.0		0.001	0.000	0.001	0.001	0.001
0.00	0.40	20.0	23.0		0.082	0.003	0.004	0.000	0.000
0.00	0.40	23.0	24.0		0.657	0.009	0.009	0.028	0.028
0.00	0.40	24.0	25.0		0.866	0.006	0.006	0.006	0.006
0.00	0.40	25.0	26.0		0.889	0.005	0.005	0.011	0.011
0.00	0.40	26.0	30.0		0.906	0.002	0.002	0.003	0.003
0.00	0.40	30.0	35.0		0.925	0.001	0.001	0.004	0.004
0.00	0.40	35.0	40.0		0.940	0.001	0.001	0.000	0.000
0.00	0.40	40.0	45.0		0.945	0.001	0.001	0.001	0.001
0.00	0.40	45.0	50.0		0.950	0.001	0.001	0.000	0.000
0.00	0.40	50.0	60.0		0.958	0.001	0.001	0.002	0.002
0.00	0.40	60.0	100.0		0.970	0.002	0.002	0.000	0.000
0.00	0.40	100.0	200.0		0.974	0.005	0.004	0.006	0.006
0.40	0.80	0.0	20.0		0.001	0.000	0.001	0.000	0.000
0.40	0.80	20.0	23.0		0.092	0.004	0.004	0.000	0.000
0.40	0.80	23.0	24.0		0.675	0.009	0.009	0.000	0.000
0.40	0.80	24.0	25.0		0.868	0.007	0.006	0.013	0.013
0.40	0.80	25.0	26.0		0.905	0.005	0.005	0.000	0.000
0.40	0.80	26.0	30.0		0.914	0.002	0.002	0.007	0.007
0.40	0.80	30.0	35.0		0.926	0.001	0.001	0.003	0.003
0.40	0.80	35.0	40.0		0.940	0.001	0.001	0.000	0.000
0.40	0.80	40.0	45.0		0.948	0.001	0.001	0.001	0.001
0.40	0.80	45.0	50.0		0.953	0.001	0.001	0.000	0.000
0.40	0.80	50.0	60.0		0.962	0.001	0.001	0.003	0.003
0.40	0.80	60.0	100.0		0.971	0.002	0.002	0.005	0.005
0.40	0.80	100.0	200.0		0.984	0.004	0.003	0.004	0.004
0.80	1.44	0.0	20.0		0.002	0.000	0.000	0.001	0.001
0.80	1.44	20.0	23.0		0.098	0.003	0.003	0.000	0.000
0.80	1.44	23.0	24.0		0.563	0.008	0.008	0.012	0.012
0.80	1.44	24.0	25.0		0.796	0.007	0.006	0.012	0.012
0.80	1.44	25.0	26.0		0.864	0.005	0.005	0.006	0.006
0.80	1.44	26.0	30.0		0.904	0.002	0.002	0.002	0.002
0.80	1.44	30.0	35.0		0.929	0.001	0.001	0.004	0.004
0.80	1.44	35.0	40.0		0.942	0.001	0.001	0.000	0.000
0.80	1.44	40.0	45.0		0.951	0.001	0.001	0.001	0.001
0.80	1.44	45.0	50.0		0.954	0.001	0.001	0.002	0.002
0.80	1.44	50.0	60.0		0.957	0.001	0.001	0.002	0.002
0.80	1.44	60.0	100.0		0.967	0.002	0.002	0.006	0.006
0.80	1.44	100.0	200.0		0.979	0.003	0.003	0.000	0.000
1.44	1.57	0.0	20.0		0.007	0.002	0.003	0.005	0.005
1.44	1.57	20.0	23.0		0.145	0.010	0.011	0.038	0.038
1.44	1.57	23.0	24.0		0.497	0.024	0.024	0.032	0.032
1.44	1.57	24.0	25.0		0.589	0.022	0.022	0.059	0.059
1.44	1.57	25.0	26.0		0.745	0.019	0.018	0.032	0.032
1.44	1.57	26.0	30.0		0.814	0.007	0.007	0.027	0.027
1.44	1.57	30.0	35.0		0.879	0.004	0.004	0.004	0.004
1.44	1.57	35.0	40.0		0.909	0.003	0.003	0.000	0.000
1.44	1.57	40.0	45.0		0.928	0.002	0.002	0.003	0.003
1.44	1.57	45.0	50.0		0.933	0.003	0.003	0.000	0.000
1.44	1.57	50.0	60.0		0.935	0.005	0.004	0.000	0.000
1.44	1.57	60.0	100.0		0.938	0.009	0.008	0.012	0.012
1.44	1.57	100.0	200.0		0.978	0.017	0.010	0.000	0.000
1.57	2.10	0.0	20.0		0.008	0.001	0.001	0.005	0.005
1.57	2.10	20.0	23.0		0.083	0.003	0.004	0.005	0.005
1.57	2.10	23.0	24.0		0.374	0.009	0.009	0.010	0.010
1.57	2.10	24.0	25.0		0.628	0.009	0.009	0.038	0.038
1.57	2.10	25.0	26.0		0.772	0.007	0.007	0.000	0.000
1.57	2.10	26.0	30.0		0.894	0.002	0.002	0.003	0.003
1.57	2.10	30.0	35.0		0.933	0.001	0.001	0.003	0.003
1.57	2.10	35.0	40.0		0.948	0.001	0.001	0.002	0.002
1.57	2.10	40.0	45.0		0.960	0.001	0.001	0.000	0.000
1.57	2.10	45.0	50.0		0.967	0.001	0.001	0.001	0.001
1.57	2.10	50.0	60.0		0.968	0.001	0.001	0.002	0.002
1.57	2.10	60.0	100.0		0.974	0.002	0.002	0.002	0.002
1.57	2.10	100.0	200.0		0.973	0.005	0.005	0.007	0.007
2.10	2.20	0.0	20.0		0.004	0.001	0.002	0.000	0.000
2.10	2.20	20.0	23.0		0.085	0.009	0.010	0.027	0.027
2.10	2.20	23.0	24.0		0.413	0.023	0.024	0.055	0.055
2.10	2.20	24.0	25.0		0.624	0.023	0.023	0.023	0.023
2.10	2.20	25.0	26.0		0.794	0.018	0.017	0.021	0.021
2.10	2.20	26.0	30.0		0.890	0.006	0.006	0.011	0.011
2.10	2.20	30.0	35.0		0.929	0.003	0.003	0.008	0.008
2.10	2.20	35.0	40.0		0.942	0.002	0.002	0.000	0.000
2.10	2.20	40.0	45.0		0.942	0.002	0.002	0.008	0.008
2.10	2.20	45.0	50.0		0.951	0.002	0.002	0.000	0.000
2.10	2.20	50.0	60.0		0.957	0.003	0.003	0.006	0.006
2.10	2.20	60.0	100.0		0.972	0.006	0.005	0.000	0.000
2.10	2.20	100.0	200.0		0.989	0.015	0.007	0.000	0.000
2.20	2.30	0.0	20.0		0.001	0.001	0.001	0.000	0.000
2.20	2.30	20.0	23.0		0.067	0.008	0.009	0.000	0.000
2.20	2.30	23.0	24.0		0.447	0.026	0.026	0.043	0.043
2.20	2.30	24.0	25.0		0.673	0.024	0.023	0.000	0.000
2.20	2.30	25.0	26.0		0.792	0.019	0.018	0.034	0.034
2.20	2.30	26.0	30.0		0.903	0.006	0.006	0.000	0.000
2.20	2.30	30.0	35.0		0.924	0.004	0.004	0.011	0.011
2.20	2.30	35.0	40.0		0.934	0.003	0.003	0.000	0.000
2.20	2.30	40.0	45.0		0.933	0.002	0.002	0.000	0.000
2.20	2.30	45.0	50.0		0.943	0.003	0.002	0.000	0.000
2.20	2.30	50.0	60.0		0.948	0.004	0.003	0.006	0.006
2.20	2.30	60.0	100.0		0.962	0.007	0.006	0.010	0.010
2.20	2.30	100.0	200.0		0.982	0.017	0.010	0.000	0.000
2.30	2.40	0.0	20.0		0.002	0.001	0.002	0.000	0.000
2.30	2.40	20.0	23.0		0.055	0.008	0.009	0.038	0.038
2.30	2.40	23.0	24.0		0.409	0.026	0.026	0.031	0.031
2.30	2.40	24.0	25.0		0.645	0.023	0.023	0.039	0.039
2.30	2.40	25.0	26.0		0.810	0.020	0.018	0.023	0.023
2.30	2.40	26.0	30.0		0.933	0.006	0.005	0.007	0.007
2.30	2.40	30.0	35.0		0.953	0.003	0.003	0.006	0.006
2.30	2.40	35.0	40.0		0.961	0.002	0.002	0.003	0.003
2.30	2.40	40.0	45.0		0.962	0.002	0.002	0.000	0.000
2.30	2.40	45.0	50.0		0.964	0.002	0.002	0.003	0.003
2.30	2.40	50.0	60.0		0.967	0.003	0.003	0.000	0.000
2.30	2.40	60.0	100.0		0.968	0.007	0.006	0.000	0.000
2.30	2.40	100.0	200.0		0.971	0.023	0.014	0.000	0.000
2.40	2.50	0.0	20.0		0.005	0.002	0.002	0.004	0.004
2.40	2.50	20.0	23.0		0.065	0.008	0.009	0.011	0.011
2.40	2.50	23.0	24.0		0.337	0.027	0.028	0.000	0.000
2.40	2.50	24.0	25.0		0.566	0.026	0.025	0.050	0.050
2.40	2.50	25.0	26.0		0.688	0.024	0.023	0.044	0.044
2.40	2.50	26.0	30.0		0.763	0.010	0.009	0.020	0.020
2.40	2.50	30.0	35.0		0.794	0.006	0.006	0.017	0.017
2.40	2.50	35.0	40.0		0.798	0.005	0.005	0.000	0.000
2.40	2.50	40.0	45.0		0.811	0.004	0.004	0.006	0.006
2.40	2.50	45.0	50.0		0.821	0.005	0.004	0.000	0.000
2.40	2.50	50.0	60.0		0.814	0.007	0.006	0.015	0.015
2.40	2.50	60.0	100.0		0.787	0.014	0.014	0.026	0.026
2.40	2.50	100.0	200.0		0.875	0.036	0.030	0.084	0.084
