-2.50	-2.40	5.0	15.0		0.000	0.000	0.004	0.000	0.000
-2.50	-2.40	15.0	25.0		0.000	0.000	0.001	0.000	0.000
-2.50	-2.40	25.0	28.0		0.002	0.001	0.003	0.000	0.000
-2.50	-2.40	28.0	29.5		0.049	0.009	0.011	0.013	0.013
-2.50	-2.40	29.5	30.5		0.144	0.018	0.020	0.026	0.026
-2.50	-2.40	30.5	31.5		0.320	0.022	0.023	0.038	0.038
-2.50	-2.40	31.5	32.5		0.419	0.023	0.023	0.024	0.024
-2.50	-2.40	32.5	33.5		0.539	0.023	0.022	0.039	0.039
-2.50	-2.40	33.5	34.5		0.583	0.021	0.021	0.072	0.072
-2.50	-2.40	34.5	36.0		0.608	0.016	0.016	0.035	0.035
-2.50	-2.40	36.0	39.0		0.597	0.010	0.010	0.011	0.011
-2.50	-2.40	39.0	42.5		0.631	0.008	0.008	0.009	0.009
-2.50	-2.40	42.5	47.5		0.659	0.006	0.006	0.011	0.011
-2.50	-2.40	47.5	55.0		0.686	0.008	0.007	0.020	0.020
-2.50	-2.40	55.0	80.0		0.747	0.012	0.011	0.000	0.000
-2.40	-2.30	5.0	15.0		0.000	0.000	0.003	0.000	0.000
-2.40	-2.30	15.0	25.0		0.001	0.000	0.001	0.000	0.000
-2.40	-2.30	25.0	28.0		0.000	0.000	0.002	0.000	0.000
-2.40	-2.30	28.0	29.5		0.033	0.007	0.009	0.009	0.009
-2.40	-2.30	29.5	30.5		0.185	0.018	0.019	0.000	0.000
-2.40	-2.30	30.5	31.5		0.422	0.024	0.024	0.034	0.034
-2.40	-2.30	31.5	32.5		0.621	0.022	0.021	0.034	0.034
-2.40	-2.30	32.5	33.5		0.706	0.020	0.019	0.033	0.033
-2.40	-2.30	33.5	34.5		0.721	0.019	0.018	0.068	0.068
-2.40	-2.30	34.5	36.0		0.758	0.014	0.014	0.017	0.017
-2.40	-2.30	36.0	39.0		0.796	0.008	0.008	0.016	0.016
-2.40	-2.30	39.0	42.5		0.814	0.006	0.006	0.009	0.009
-2.40	-2.30	42.5	47.5		0.831	0.005	0.005	0.000	0.000
-2.40	-2.30	47.5	55.0		0.853	0.006	0.006	0.006	0.006
-2.40	-2.30	55.0	80.0		0.878	0.009	0.009	0.014	0.014
-2.30	-2.20	5.0	15.0		0.000	0.000	0.003	0.000	0.000
-2.30	-2.20	15.0	25.0		0.000	0.000	0.001	0.000	0.000
-2.30	-2.20	25.0	28.0		0.000	0.000	0.002	0.000	0.000
-2.30	-2.20	28.0	29.5		0.046	0.008	0.009	0.017	0.017
-2.30	-2.20	29.5	30.5		0.229	0.019	0.020	0.054	0.054
-2.30	-2.20	30.5	31.5		0.459	0.022	0.022	0.000	0.000
-2.30	-2.20	31.5	32.5		0.645	0.021	0.021	0.000	0.000
-2.30	-2.20	32.5	33.5		0.750	0.018	0.017	0.000	0.000
-2.30	-2.20	33.5	34.5		0.753	0.018	0.017	0.027	0.027
-2.30	-2.20	34.5	36.0		0.777	0.013	0.012	0.017	0.017
-2.30	-2.20	36.0	39.0		0.805	0.008	0.007	0.023	0.023
-2.30	-2.20	39.0	42.5		0.822	0.006	0.006	0.019	0.019
-2.30	-2.20	42.5	47.5		0.840	0.004	0.004	0.011	0.011
-2.30	-2.20	47.5	55.0		0.864	0.006	0.006	0.014	0.014
-2.30	-2.20	55.0	80.0		0.893	0.008	0.008	0.021	0.021
-2.20	-2.10	5.0	15.0		0.000	0.000	0.003	0.000	0.000
-2.20	-2.10	15.0	25.0		0.002	0.001	0.002	0.000	0.000
-2.20	-2.10	25.0	28.0		0.003	0.001	0.002	0.003	0.003
-2.20	-2.10	28.0	29.5		0.062	0.010	0.011	0.026	0.026
-2.20	-2.10	29.5	30.5		0.297	0.020	0.020	0.021	0.021
-2.20	-2.10	30.5	31.5		0.505	0.021	0.021	0.000	0.000
-2.20	-2.10	31.5	32.5		0.668	0.019	0.019	0.000	0.000
-2.20	-2.10	32.5	33.5		0.763	0.017	0.016	0.000	0.000
-2.20	-2.10	33.5	34.5		0.787	0.016	0.015	0.000	0.000
-2.20	-2.10	34.5	36.0		0.822	0.011	0.010	0.037	0.037
-2.20	-2.10	36.0	39.0		0.834	0.007	0.007	0.017	0.017
-2.20	-2.10	39.0	42.5		0.836	0.005	0.005	0.006	0.006
-2.20	-2.10	42.5	47.5		0.855	0.004	0.004	0.006	0.006
-2.20	-2.10	47.5	55.0		0.867	0.005	0.005	0.007	0.007
-2.20	-2.10	55.0	80.0		0.895	0.008	0.007	0.000	0.000
-2.10	-1.57	5.0	15.0		0.000	0.000	0.001	0.000	0.000
-2.10	-1.57	15.0	25.0		0.005	0.001	0.001	0.002	0.002
-2.10	-1.57	25.0	28.0		0.011	0.001	0.001	0.000	0.000
-2.10	-1.57	28.0	29.5		0.085	0.004	0.004	0.012	0.012
-2.10	-1.57	29.5	30.5		0.308	0.008	0.008	0.016	0.016
-2.10	-1.57	30.5	31.5		0.556	0.008	0.008	0.023	0.023
-2.10	-1.57	31.5	32.5		0.710	0.007	0.007	0.020	0.020
-2.10	-1.57	32.5	33.5		0.775	0.006	0.006	0.015	0.015
-2.10	-1.57	33.5	34.5		0.799	0.006	0.006	0.017	0.017
-2.10	-1.57	34.5	36.0		0.818	0.004	0.004	0.000	0.000
-2.10	-1.57	36.0	39.0		0.836	0.003	0.002	0.003	0.003
-2.10	-1.57	39.0	42.5		0.857	0.002	0.002	0.002	0.002
-2.10	-1.57	42.5	47.5		0.871	0.001	0.001	0.002	0.002
-2.10	-1.57	47.5	55.0		0.883	0.002	0.002	0.004	0.004
-2.10	-1.57	55.0	80.0		0.900	0.003	0.003	0.008	0.008
-1.57	-1.44	5.0	15.0		0.000	0.000	0.003	0.000	0.000
-1.57	-1.44	15.0	25.0		0.008	0.002	0.002	0.006	0.006
-1.57	-1.44	25.0	28.0		0.041	0.006	0.007	0.016	0.016
-1.57	-1.44	28.0	29.5		0.149	0.013	0.014	0.000	0.000
-1.57	-1.44	29.5	30.5		0.329	0.020	0.021	0.000	0.000
-1.57	-1.44	30.5	31.5		0.542	0.021	0.021	0.000	0.000
-1.57	-1.44	31.5	32.5		0.632	0.020	0.020	0.000	0.000
-1.57	-1.44	32.5	33.5		0.656	0.018	0.018	0.082	0.082
-1.57	-1.44	33.5	34.5		0.714	0.016	0.016	0.000	0.000
-1.57	-1.44	34.5	36.0		0.755	0.012	0.011	0.000	0.000
-1.57	-1.44	36.0	39.0		0.758	0.008	0.007	0.000	0.000
-1.57	-1.44	39.0	42.5		0.793	0.006	0.006	0.011	0.011
-1.57	-1.44	42.5	47.5		0.815	0.005	0.005	0.006	0.006
-1.57	-1.44	47.5	55.0		0.826	0.006	0.006	0.007	0.007
-1.57	-1.44	55.0	80.0		0.846	0.009	0.009	0.016	0.016
-1.44	-0.80	5.0	15.0		0.000	0.000	0.001	0.001	0.001
-1.44	-0.80	15.0	25.0		0.002	0.000	0.000	0.001	0.001
-1.44	-0.80	25.0	28.0		0.007	0.001	0.001	0.001	0.001
-1.44	-0.80	28.0	29.5		0.037	0.002	0.002	0.002	0.002
-1.44	-0.80	29.5	30.5		0.294	0.006	0.006	0.018	0.018
-1.44	-0.80	30.5	31.5		0.585	0.006	0.006	0.000	0.000
-1.44	-0.80	31.5	32.5		0.709	0.005	0.005	0.009	0.009
-1.44	-0.80	32.5	33.5		0.740	0.005	0.005	0.000	0.000
-1.44	-0.80	33.5	34.5		0.750	0.005	0.005	0.005	0.005
-1.44	-0.80	34.5	36.0		0.760	0.003	0.003	0.004	0.004
-1.44	-0.80	36.0	39.0		0.780	0.002	0.002	0.004	0.004
-1.44	-0.80	39.0	42.5		0.797	0.002	0.002	0.005	0.005
-1.44	-0.80	42.5	47.5		0.811	0.001	0.001	0.004	0.004
-1.44	-0.80	47.5	55.0		0.826	0.002	0.002	0.003	0.003
-1.44	-0.80	55.0	80.0		0.858	0.003	0.003	0.005	0.005
-0.80	-0.40	5.0	15.0		0.000	0.000	0.001	0.000	0.000
-0.80	-0.40	15.0	25.0		0.000	0.000	0.000	0.000	0.000
-0.80	-0.40	25.0	28.0		0.002	0.000	0.001	0.001	0.001
-0.80	-0.40	28.0	29.5		0.028	0.002	0.002	0.007	0.007
-0.80	-0.40	29.5	30.5		0.303	0.007	0.007	0.017	0.017
-0.80	-0.40	30.5	31.5		0.657	0.007	0.007	0.000	0.000
-0.80	-0.40	31.5	32.5		0.746	0.006	0.006	0.013	0.013
-0.80	-0.40	32.5	33.5		0.758	0.006	0.006	0.012	0.012
-0.80	-0.40	33.5	34.5		0.781	0.005	0.005	0.000	0.000
-0.80	-0.40	34.5	36.0		0.780	0.004	0.004	0.008	0.008
-0.80	-0.40	36.0	39.0		0.790	0.003	0.002	0.000	0.000
-0.80	-0.40	39.0	42.5		0.803	0.002	0.002	0.005	0.005
-0.80	-0.40	42.5	47.5		0.819	0.002	0.002	0.000	0.000
-0.80	-0.40	47.5	55.0		0.838	0.002	0.002	0.000	0.000
-0.80	-0.40	55.0	80.0		0.868	0.003	0.003	0.000	0.000
-0.40	0.00	5.0	15.0		0.000	0.000	0.001	0.000	0.000
-0.40	0.00	15.0	25.0		0.000	0.000	0.000	0.000	0.000
-0.40	0.00	25.0	28.0		0.002	0.000	0.001	0.000	0.000
-0.40	0.00	28.0	29.5		0.020	0.002	0.002	0.003	0.003
-0.40	0.00	29.5	30.5		0.326	0.007	0.007	0.000	0.000
-0.40	0.00	30.5	31.5		0.713	0.007	0.007	0.000	0.000
-0.40	0.00	31.5	32.5		0.757	0.006	0.006	0.024	0.024
-0.40	0.00	32.5	33.5		0.783	0.006	0.005	0.009	0.009
-0.40	0.00	33.5	34.5		0.784	0.005	0.005	0.008	0.008
-0.40	0.00	34.5	36.0		0.795	0.004	0.004	0.005	0.005
-0.40	0.00	36.0	39.0		0.804	0.002	0.002	0.004	0.004
-0.40	0.00	39.0	42.5		0.811	0.002	0.002	0.006	0.006
-0.40	0.00	42.5	47.5		0.827	0.002	0.002	0.002	0.002
-0.40	0.00	47.5	55.0		0.843	0.002	0.002	0.006	0.006
-0.40	0.00	55.0	80.0		0.879	0.003	0.003	0.006	0.006
0.00	0.40	5.0	15.0		0.000	0.000	0.001	0.000	0.000
0.00	0.40	15.0	25.0		0.001	0.000	0.000	0.001	0.001
0.00	0.40	25.0	28.0		0.001	0.000	0.000	0.000	0.000
0.00	0.40	28.0	29.5		0.017	0.002	0.002	0.000	0.000
0.00	0.40	29.5	30.5		0.331	0.007	0.007	0.023	0.023
0.00	0.40	30.5	31.5		0.726	0.006	0.006	0.000	0.000
0.00	0.40	31.5	32.5		0.771	0.006	0.006	0.012	0.012
0.00	0.40	32.5	33.5		0.775	0.006	0.006	0.015	0.015
0.00	0.40	33.5	34.5		0.796	0.005	0.005	0.000	0.000
0.00	0.40	34.5	36.0		0.783	0.004	0.004	0.018	0.018
0.00	0.40	36.0	39.0		0.805	0.002	0.002	0.003	0.003
0.00	0.40	39.0	42.5		0.812	0.002	0.002	0.008	0.008
0.00	0.40	42.5	47.5		0.833	0.002	0.002	0.005	0.005
0.00	0.40	47.5	55.0		0.850	0.002	0.002	0.000	0.000
0.00	0.40	55.0	80.0		0.885	0.003	0.003	0.005	0.005
0.40	0.80	5.0	15.0		0.000	0.000	0.001	0.000	0.000
0.40	0.80	15.0	25.0		0.000	0.000	0.000	0.000	0.000
0.40	0.80	25.0	28.0		0.003	0.001	0.001	0.001	0.001
0.40	0.80	28.0	29.5		0.024	0.002	0.002	0.007	0.007
0.40	0.80	29.5	30.5		0.310	0.007	0.007	0.022	0.022
0.40	0.80	30.5	31.5		0.686	0.007	0.007	0.009	0.009
0.40	0.80	31.5	32.5		0.761	0.006	0.006	0.000	0.000
0.40	0.80	32.5	33.5		0.780	0.006	0.005	0.010	0.010
0.40	0.80	33.5	34.5		0.787	0.005	0.005	0.010	0.010
0.40	0.80	34.5	36.0		0.801	0.004	0.004	0.012	0.012
0.40	0.80	36.0	39.0		0.803	0.002	0.002	0.004	0.004
0.40	0.80	39.0	42.5		0.816	0.002	0.002	0.005	0.005
0.40	0.80	42.5	47.5		0.835	0.002	0.002	0.002	0.002
0.40	0.80	47.5	55.0		0.853	0.002	0.002	0.002	0.002
0.40	0.80	55.0	80.0		0.886	0.003	0.003	0.008	0.008
0.80	1.44	5.0	15.0		0.000	0.000	0.000	0.000	0.000
0.80	1.44	15.0	25.0		0.001	0.000	0.000	0.001	0.001
0.80	1.44	25.0	28.0		0.003	0.000	0.001	0.000	0.000
0.80	1.44	28.0	29.5		0.044	0.002	0.002	0.005	0.005
0.80	1.44	29.5	30.5		0.311	0.006	0.006	0.026	0.026
0.80	1.44	30.5	31.5		0.620	0.006	0.006	0.006	0.006
0.80	1.44	31.5	32.5		0.730	0.005	0.005	0.000	0.000
0.80	1.44	32.5	33.5		0.766	0.005	0.005	0.010	0.010
0.80	1.44	33.5	34.5		0.773	0.004	0.004	0.005	0.005
0.80	1.44	34.5	36.0		0.790	0.003	0.003	0.004	0.004
0.80	1.44	36.0	39.0		0.800	0.002	0.002	0.004	0.004
0.80	1.44	39.0	42.5		0.815	0.002	0.002	0.002	0.002
0.80	1.44	42.5	47.5		0.834	0.001	0.001	0.002	0.002
0.80	1.44	47.5	55.0		0.849	0.002	0.002	0.000	0.000
0.80	1.44	55.0	80.0		0.878	0.002	0.002	0.000	0.000
1.44	1.57	5.0	15.0		0.000	0.000	0.004	0.000	0.000
1.44	1.57	15.0	25.0		0.004	0.001	0.002	0.003	0.003
1.44	1.57	25.0	28.0		0.023	0.004	0.005	0.000	0.000
1.44	1.57	28.0	29.5		0.088	0.011	0.012	0.000	0.000
1.44	1.57	29.5	30.5		0.306	0.020	0.021	0.000	0.000
1.44	1.57	30.5	31.5		0.513	0.021	0.021	0.046	0.046
1.44	1.57	31.5	32.5		0.572	0.020	0.020	0.077	0.077
1.44	1.57	32.5	33.5		0.696	0.018	0.018	0.000	0.000
1.44	1.57	33.5	34.5		0.691	0.017	0.016	0.000	0.000
1.44	1.57	34.5	36.0		0.698	0.013	0.012	0.017	0.017
1.44	1.57	36.0	39.0		0.764	0.007	0.007	0.000	0.000
1.44	1.57	39.0	42.5		0.783	0.006	0.006	0.010	0.010
1.44	1.57	42.5	47.5		0.804	0.005	0.005	0.011	0.011
1.44	1.57	47.5	55.0		0.829	0.006	0.006	0.011	0.011
1.44	1.57	55.0	80.0		0.838	0.010	0.009	0.000	0.000
1.57	2.10	5.0	15.0		0.000	0.000	0.001	0.000	0.000
1.57	2.10	15.0	25.0		0.002	0.000	0.000	0.001	0.001
1.57	2.10	25.0	28.0		0.006	0.001	0.001	0.000	0.000
1.57	2.10	28.0	29.5		0.060	0.003	0.004	0.010	0.010
1.57	2.10	29.5	30.5		0.270	0.008	0.008	0.000	0.000
1.57	2.10	30.5	31.5		0.515	0.008	0.008	0.000	0.000
1.57	2.10	31.5	32.5		0.666	0.007	0.007	0.000	0.000
1.57	2.10	32.5	33.5		0.751	0.006	0.006	0.008	0.008
1.57	2.10	33.5	34.5		0.782	0.006	0.006	0.000	0.000
1.57	2.10	34.5	36.0		0.804	0.004	0.004	0.010	0.010
1.57	2.10	36.0	39.0		0.824	0.003	0.003	0.000	0.000
1.57	2.10	39.0	42.5		0.844	0.002	0.002	0.000	0.000
1.57	2.10	42.5	47.5		0.862	0.002	0.002	0.004	0.004
1.57	2.10	47.5	55.0		0.874	0.002	0.002	0.005	0.005
1.57	2.10	55.0	80.0		0.886	0.003	0.003	0.005	0.005
2.10	2.20	5.0	15.0		0.000	0.000	0.003	0.000	0.000
2.10	2.20	15.0	25.0		0.000	0.000	0.001	0.000	0.000
2.10	2.20	25.0	28.0		0.001	0.001	0.002	0.000	0.000
2.10	2.20	28.0	29.5		0.032	0.007	0.008	0.021	0.021
2.10	2.20	29.5	30.5		0.218	0.017	0.018	0.022	0.022
2.10	2.20	30.5	31.5		0.489	0.021	0.021	0.034	0.034
2.10	2.20	31.5	32.5		0.635	0.020	0.019	0.045	0.045
2.10	2.20	32.5	33.5		0.746	0.017	0.017	0.000	0.000
2.10	2.20	33.5	34.5		0.776	0.016	0.015	0.024	0.024
2.10	2.20	34.5	36.0		0.760	0.013	0.012	0.035	0.035
2.10	2.20	36.0	39.0		0.787	0.007	0.007	0.018	0.018
2.10	2.20	39.0	42.5		0.827	0.006	0.005	0.007	0.007
2.10	2.20	42.5	47.5		0.834	0.004	0.004	0.005	0.005
2.10	2.20	47.5	55.0		0.844	0.006	0.005	0.000	0.000
2.10	2.20	55.0	80.0		0.874	0.008	0.008	0.015	0.015
2.20	2.30	5.0	15.0		0.000	0.000	0.003	0.000	0.000
2.20	2.30	15.0	25.0		0.000	0.000	0.001	0.000	0.000
2.20	2.30	25.0	28.0		0.002	0.001	0.002	0.000	0.000
2.20	2.30	28.0	29.5		0.028	0.006	0.008	0.009	0.009
2.20	2.30	29.5	30.5		0.214	0.018	0.019	0.000	0.000
2.20	2.30	30.5	31.5		0.481	0.022	0.022	0.057	0.057
2.20	2.30	31.5	32.5		0.634	0.021	0.020	0.000	0.000
2.20	2.30	32.5	33.5		0.680	0.019	0.018	0.047	0.047
2.20	2.30	33.5	34.5		0.783	0.016	0.015	0.039	0.039
2.20	2.30	34.5	36.0		0.774	0.013	0.012	0.016	0.016
2.20	2.30	36.0	39.0		0.776	0.008	0.008	0.035	0.035
2.20	2.30	39.0	42.5		0.799	0.006	0.006	0.012	0.012
2.20	2.30	42.5	47.5		0.815	0.005	0.005	0.000	0.000
2.20	2.30	47.5	55.0		0.827	0.006	0.006	0.010	0.010
2.20	2.30	55.0	80.0		0.849	0.010	0.009	0.000	0.000
2.30	2.40	5.0	15.0		0.000	0.000	0.004	0.000	0.000
2.30	2.40	15.0	25.0		0.001	0.000	0.001	0.000	0.000
2.30	2.40	25.0	28.0		0.000	0.000	0.002	0.000	0.000
2.30	2.40	28.0	29.5		0.039	0.008	0.009	0.010	0.010
2.30	2.40	29.5	30.5		0.162	0.018	0.020	0.032	0.032
2.30	2.40	30.5	31.5		0.397	0.022	0.022	0.040	0.040
2.30	2.40	31.5	32.5		0.575	0.021	0.021	0.031	0.031
2.30	2.40	32.5	33.5		0.683	0.021	0.020	0.021	0.021
2.30	2.40	33.5	34.5		0.705	0.019	0.019	0.039	0.039
2.30	2.40	34.5	36.0		0.744	0.014	0.014	0.022	0.022
2.30	2.40	36.0	39.0		0.741	0.009	0.009	0.013	0.013
2.30	2.40	39.0	42.5		0.790	0.006	0.006	0.008	0.008
2.30	2.40	42.5	47.5		0.801	0.005	0.005	0.009	0.009
2.30	2.40	47.5	55.0		0.824	0.006	0.006	0.000	0.000
2.30	2.40	55.0	80.0		0.854	0.009	0.009	0.000	0.000
2.40	2.50	5.0	15.0		0.000	0.000	0.004	0.000	0.000
2.40	2.50	15.0	25.0		0.000	0.000	0.001	0.000	0.000
2.40	2.50	25.0	28.0		0.003	0.002	0.003	0.003	0.003
2.40	2.50	28.0	29.5		0.024	0.006	0.008	0.010	0.010
2.40	2.50	29.5	30.5		0.083	0.014	0.016	0.028	0.028
2.40	2.50	30.5	31.5		0.214	0.019	0.020	0.000	0.000
2.40	2.50	31.5	32.5		0.373	0.022	0.023	0.050	0.050
2.40	2.50	32.5	33.5		0.444	0.022	0.022	0.000	0.000
2.40	2.50	33.5	34.5		0.484	0.021	0.021	0.080	0.080
2.40	2.50	34.5	36.0		0.552	0.016	0.016	0.024	0.024
2.40	2.50	36.0	39.0		0.559	0.010	0.010	0.012	0.012
2.40	2.50	39.0	42.5		0.594	0.008	0.008	0.000	0.000
2.40	2.50	42.5	47.5		0.614	0.006	0.006	0.016	0.016
2.40	2.50	47.5	55.0		0.640	0.008	0.008	0.022	0.022
2.40	2.50	55.0	80.0		0.660	0.013	0.013	0.013	0.013
