-2.50	-2.40	0.0	20.0		0.006	0.002	0.003	0.005	0.005
-2.50	-2.40	20.0	23.0		0.099	0.012	0.014	0.016	0.016
-2.50	-2.40	23.0	24.0		0.392	0.032	0.033	0.000	0.000
-2.50	-2.40	24.0	25.0		0.579	0.031	0.031	0.000	0.000
-2.50	-2.40	25.0	26.0		0.643	0.029	0.028	0.129	0.129
-2.50	-2.40	26.0	30.0		0.842	0.010	0.009	0.027	0.027
-2.50	-2.40	30.0	35.0		0.848	0.007	0.006	0.013	0.013
-2.50	-2.40	35.0	40.0		0.876	0.005	0.005	0.007	0.007
-2.50	-2.40	40.0	45.0		0.895	0.004	0.004	0.000	0.000
-2.50	-2.40	45.0	50.0		0.902	0.004	0.004	0.010	0.010
-2.50	-2.40	50.0	60.0		0.914	0.006	0.005	0.009	0.009
-2.50	-2.40	60.0	100.0		0.929	0.011	0.010	0.018	0.018
-2.50	-2.40	100.0	200.0		0.976	0.031	0.016	0.000	0.000
-2.40	-2.30	0.0	20.0		0.003	0.001	0.002	0.000	0.000
-2.40	-2.30	20.0	23.0		0.069	0.010	0.011	0.013	0.013
-2.40	-2.30	23.0	24.0		0.446	0.032	0.032	0.063	0.063
-2.40	-2.30	24.0	25.0		0.695	0.029	0.028	0.000	0.000
-2.40	-2.30	25.0	26.0		0.859	0.022	0.020	0.036	0.036
-2.40	-2.30	26.0	30.0		0.933	0.007	0.006	0.016	0.016
-2.40	-2.30	30.0	35.0		0.956	0.004	0.004	0.006	0.006
-2.40	-2.30	35.0	40.0		0.962	0.003	0.003	0.000	0.000
-2.40	-2.30	40.0	45.0		0.965	0.002	0.002	0.000	0.000
-2.40	-2.30	45.0	50.0		0.973	0.002	0.002	0.007	0.007
-2.40	-2.30	50.0	60.0		0.974	0.003	0.003	0.005	0.005
-2.40	-2.30	60.0	100.0		0.976	0.007	0.006	0.000	0.000
-2.40	-2.30	100.0	200.0		0.975	0.032	0.016	0.000	0.000
-2.30	-2.20	0.0	20.0		0.002	0.001	0.002	0.000	0.000
-2.30	-2.20	20.0	23.0		0.095	0.011	0.013	0.000	0.000
-2.30	-2.20	23.0	24.0		0.478	0.032	0.032	0.000	0.000
-2.30	-2.20	24.0	25.0		0.751	0.026	0.024	0.000	0.000
-2.30	-2.20	25.0	26.0		0.866	0.020	0.018	0.000	0.000
-2.30	-2.20	26.0	30.0		0.922	0.007	0.006	0.008	0.008
-2.30	-2.20	30.0	35.0		0.949	0.004	0.004	0.000	0.000
-2.30	-2.20	35.0	40.0		0.949	0.003	0.003	0.010	0.010
-2.30	-2.20	40.0	45.0		0.956	0.002	0.002	0.003	0.003
-2.30	-2.20	45.0	50.0		0.957	0.003	0.003	0.014	0.014
-2.30	-2.20	50.0	60.0		0.963	0.004	0.004	0.000	0.000
-2.30	-2.20	60.0	100.0		0.967	0.008	0.007	0.009	0.009
-2.30	-2.20	100.0	200.0		1.000	0.017	0.000	0.000	0.000
-2.20	-2.10	0.0	20.0		0.004	0.002	0.003	0.000	0.000
-2.20	-2.10	20.0	23.0		0.095	0.011	0.012	0.030	0.030
-2.20	-2.10	23.0	24.0		0.468	0.029	0.029	0.039	0.039
-2.20	-2.10	24.0	25.0		0.699	0.026	0.025	0.000	0.000
-2.20	-2.10	25.0	26.0		0.832	0.021	0.020	0.000	0.000
-2.20	-2.10	26.0	30.0		0.905	0.007	0.007	0.000	0.000
-2.20	-2.10	30.0	35.0		0.941	0.004	0.004	0.005	0.005
-2.20	-2.10	35.0	40.0		0.950	0.003	0.003	0.000	0.000
-2.20	-2.10	40.0	45.0		0.953	0.002	0.002	0.005	0.005
-2.20	-2.10	45.0	50.0		0.961	0.003	0.002	0.010	0.010
-2.20	-2.10	50.0	60.0		0.970	0.003	0.003	0.004	0.004
-2.20	-2.10	60.0	100.0		0.980	0.006	0.005	0.000	0.000
-2.20	-2.10	100.0	200.0		0.985	0.019	0.010	0.000	0.000
-2.10	-1.57	0.0	20.0		0.010	0.001	0.001	0.007	0.007
-2.10	-1.57	20.0	23.0		0.126	0.005	0.005	0.008	0.008
-2.10	-1.57	23.0	24.0		0.492	0.012	0.012	0.026	0.026
-2.10	-1.57	24.0	25.0		0.696	0.010	0.010	0.027	0.027
-2.10	-1.57	25.0	26.0		0.834	0.008	0.008	0.011	0.011
-2.10	-1.57	26.0	30.0		0.920	0.002	0.002	0.005	0.005
-2.10	-1.57	30.0	35.0		0.941	0.001	0.001	0.000	0.000
-2.10	-1.57	35.0	40.0		0.954	0.001	0.001	0.002	0.002
-2.10	-1.57	40.0	45.0		0.964	0.001	0.001	0.001	0.001
-2.10	-1.57	45.0	50.0		0.972	0.001	0.001	0.002	0.002
-2.10	-1.57	50.0	60.0		0.972	0.001	0.001	0.001	0.001
-2.10	-1.57	60.0	100.0		0.974	0.002	0.002	0.003	0.003
-2.10	-1.57	100.0	200.0		0.990	0.005	0.003	0.011	0.011
-1.57	-1.44	0.0	20.0		0.023	0.004	0.005	0.011	0.011
-1.57	-1.44	20.0	23.0		0.205	0.015	0.016	0.032	0.032
-1.57	-1.44	23.0	24.0		0.491	0.029	0.029	0.114	0.114
-1.57	-1.44	24.0	25.0		0.697	0.025	0.024	0.046	0.046
-1.57	-1.44	25.0	26.0		0.783	0.023	0.021	0.036	0.036
-1.57	-1.44	26.0	30.0		0.849	0.008	0.007	0.012	0.012
-1.57	-1.44	30.0	35.0		0.889	0.005	0.004	0.010	0.010
-1.57	-1.44	35.0	40.0		0.912	0.003	0.003	0.009	0.009
-1.57	-1.44	40.0	45.0		0.931	0.003	0.003	0.006	0.006
-1.57	-1.44	45.0	50.0		0.938	0.003	0.003	0.000	0.000
-1.57	-1.44	50.0	60.0		0.939	0.005	0.005	0.016	0.016
-1.57	-1.44	60.0	100.0		0.929	0.011	0.009	0.012	0.012
-1.57	-1.44	100.0	200.0		0.934	0.031	0.022	0.000	0.000
-1.44	-0.80	0.0	20.0		0.005	0.001	0.001	0.003	0.003
-1.44	-0.80	20.0	23.0		0.069	0.003	0.003	0.004	0.004
-1.44	-0.80	23.0	24.0		0.491	0.009	0.009	0.015	0.015
-1.44	-0.80	24.0	25.0		0.767	0.007	0.007	0.000	0.000
-1.44	-0.80	25.0	26.0		0.842	0.006	0.006	0.012	0.012
-1.44	-0.80	26.0	30.0		0.886	0.002	0.002	0.000	0.000
-1.44	-0.80	30.0	35.0		0.911	0.001	0.001	0.000	0.000
-1.44	-0.80	35.0	40.0		0.929	0.001	0.001	0.002	0.002
-1.44	-0.80	40.0	45.0		0.940	0.001	0.001	0.002	0.002
-1.44	-0.80	45.0	50.0		0.943	0.001	0.001	0.000	0.000
-1.44	-0.80	50.0	60.0		0.948	0.001	0.001	0.006	0.006
-1.44	-0.80	60.0	100.0		0.957	0.002	0.002	0.003	0.003
-1.44	-0.80	100.0	200.0		0.968	0.005	0.004	0.014	0.014
-0.80	-0.40	0.0	20.0		0.002	0.001	0.001	0.001	0.001
-0.80	-0.40	20.0	23.0		0.059	0.003	0.004	0.000	0.000
-0.80	-0.40	23.0	24.0		0.572	0.011	0.011	0.000	0.000
-0.80	-0.40	24.0	25.0		0.826	0.008	0.008	0.000	0.000
-0.80	-0.40	25.0	26.0		0.883	0.006	0.006	0.000	0.000
-0.80	-0.40	26.0	30.0		0.890	0.003	0.002	0.000	0.000
-0.80	-0.40	30.0	35.0		0.903	0.002	0.002	0.004	0.004
-0.80	-0.40	35.0	40.0		0.925	0.001	0.001	0.002	0.002
-0.80	-0.40	40.0	45.0		0.935	0.001	0.001	0.001	0.001
-0.80	-0.40	45.0	50.0		0.943	0.001	0.001	0.003	0.003
-0.80	-0.40	50.0	60.0		0.952	0.001	0.001	0.000	0.000
-0.80	-0.40	60.0	100.0		0.964	0.003	0.002	0.006	0.006
-0.80	-0.40	100.0	200.0		0.976	0.006	0.005	0.000	0.000
-0.40	0.00	0.0	20.0		0.001	0.000	0.001	0.001	0.001
-0.40	0.00	20.0	23.0		0.049	0.003	0.003	0.005	0.005
-0.40	0.00	23.0	24.0		0.583	0.011	0.011	0.015	0.015
-0.40	0.00	24.0	25.0		0.848	0.007	0.007	0.021	0.021
-0.40	0.00	25.0	26.0		0.876	0.006	0.006	0.000	0.000
-0.40	0.00	26.0	30.0		0.883	0.003	0.003	0.004	0.004
-0.40	0.00	30.0	35.0		0.908	0.002	0.002	0.000	0.000
-0.40	0.00	35.0	40.0		0.924	0.001	0.001	0.004	0.004
-0.40	0.00	40.0	45.0		0.935	0.001	0.001	0.002	0.002
-0.40	0.00	45.0	50.0		0.942	0.001	0.001	0.002	0.002
-0.40	0.00	50.0	60.0		0.949	0.002	0.001	0.002	0.002
-0.40	0.00	60.0	100.0		0.967	0.002	0.002	0.003	0.003
-0.40	0.00	100.0	200.0		0.985	0.005	0.004	0.000	0.000
0.00	0.40	0.0	20.0		0.001	0.000	0.001	0.001	0.001
0.00	0.40	20.0	23.0		0.049	0.003	0.003	0.000	0.000
0.00	0.40	23.0	24.0		0.604	0.010	0.010	0.011	0.011
0.00	0.40	24.0	25.0		0.855	0.007	0.007	0.011	0.011
0.00	0.40	25.0	26.0		0.876	0.006	0.006	0.000	0.000
0.00	0.40	26.0	30.0		0.890	0.003	0.003	0.008	0.008
0.00	0.40	30.0	35.0		0.910	0.002	0.002	0.000	0.000
0.00	0.40	35.0	40.0		0.926	0.001	0.001	0.002	0.002
0.00	0.40	40.0	45.0		0.935	0.001	0.001	0.000	0.000
0.00	0.40	45.0	50.0		0.943	0.001	0.001	0.003	0.003
0.00	0.40	50.0	60.0		0.951	0.001	0.001	0.002	0.002
0.00	0.40	60.0	100.0		0.964	0.002	0.002	0.006	0.006
0.00	0.40	100.0	200.0		0.982	0.005	0.004	0.009	0.009
0.40	0.80	0.0	20.0		0.001	0.000	0.001	0.000	0.000
0.40	0.80	20.0	23.0		0.066	0.004	0.004	0.007	0.007
0.40	0.80	23.0	24.0		0.605	0.011	0.011	0.000	0.000
0.40	0.80	24.0	25.0		0.834	0.008	0.008	0.010	0.010
0.40	0.80	25.0	26.0		0.884	0.006	0.006	0.008	0.008
0.40	0.80	26.0	30.0		0.888	0.003	0.003	0.005	0.005
0.40	0.80	30.0	35.0		0.905	0.002	0.002	0.002	0.002
0.40	0.80	35.0	40.0		0.924	0.001	0.001	0.001	0.001
0.40	0.80	40.0	45.0		0.933	0.001	0.001	0.002	0.002
0.40	0.80	45.0	50.0		0.942	0.001	0.001	0.001	0.001
0.40	0.80	50.0	60.0		0.948	0.002	0.001	0.000	0.000
0.40	0.80	60.0	100.0		0.968	0.002	0.002	0.003	0.003
0.40	0.80	100.0	200.0		0.976	0.006	0.005	0.000	0.000
0.80	1.44	0.0	20.0		0.002	0.000	0.001	0.000	0.000
0.80	1.44	20.0	23.0		0.079	0.003	0.003	0.006	0.006
0.80	1.44	23.0	24.0		0.546	0.010	0.010	0.014	0.014
0.80	1.44	24.0	25.0		0.765	0.008	0.007	0.011	0.011
0.80	1.44	25.0	26.0		0.841	0.006	0.006	0.015	0.015
0.80	1.44	26.0	30.0		0.889	0.002	0.002	0.000	0.000
0.80	1.44	30.0	35.0		0.913	0.001	0.001	0.002	0.002
0.80	1.44	35.0	40.0		0.934	0.001	0.001	0.002	0.002
0.80	1.44	40.0	45.0		0.944	0.001	0.001	0.001	0.001
0.80	1.44	45.0	50.0		0.947	0.001	0.001	0.000	0.000
0.80	1.44	50.0	60.0		0.949	0.001	0.001	0.002	0.002
0.80	1.44	60.0	100.0		0.959	0.002	0.002	0.000	0.000
0.80	1.44	100.0	200.0		0.981	0.004	0.003	0.007	0.007
1.44	1.57	0.0	20.0		0.017	0.004	0.005	0.010	0.010
1.44	1.57	20.0	23.0		0.124	0.012	0.013	0.014	0.014
1.44	1.57	23.0	24.0		0.517	0.030	0.029	0.000	0.000
1.44	1.57	24.0	25.0		0.672	0.026	0.025	0.000	0.000
1.44	1.57	25.0	26.0		0.732	0.022	0.021	0.072	0.072
1.44	1.57	26.0	30.0		0.817	0.008	0.008	0.027	0.027
1.44	1.57	30.0	35.0		0.875	0.005	0.005	0.005	0.005
1.44	1.57	35.0	40.0		0.910	0.003	0.003	0.005	0.005
1.44	1.57	40.0	45.0		0.921	0.003	0.003	0.005	0.005
1.44	1.57	45.0	50.0		0.936	0.003	0.003	0.006	0.006
1.44	1.57	50.0	60.0		0.933	0.005	0.005	0.000	0.000
1.44	1.57	60.0	100.0		0.936	0.010	0.009	0.021	0.021
1.44	1.57	100.0	200.0		0.979	0.020	0.011	0.020	0.020
1.57	2.10	0.0	20.0		0.009	0.001	0.001	0.005	0.005
1.57	2.10	20.0	23.0		0.109	0.005	0.005	0.008	0.008
1.57	2.10	23.0	24.0		0.443	0.011	0.011	0.044	0.044
1.57	2.10	24.0	25.0		0.682	0.010	0.010	0.027	0.027
1.57	2.10	25.0	26.0		0.798	0.008	0.008	0.018	0.018
1.57	2.10	26.0	30.0		0.910	0.003	0.002	0.000	0.000
1.57	2.10	30.0	35.0		0.935	0.001	0.001	0.002	0.002
1.57	2.10	35.0	40.0		0.950	0.001	0.001	0.001	0.001
1.57	2.10	40.0	45.0		0.958	0.001	0.001	0.002	0.002
1.57	2.10	45.0	50.0		0.966	0.001	0.001	0.002	0.002
1.57	2.10	50.0	60.0		0.968	0.001	0.001	0.006	0.006
1.57	2.10	60.0	100.0		0.967	0.003	0.002	0.009	0.009
1.57	2.10	100.0	200.0		0.986	0.005	0.004	0.000	0.000
2.10	2.20	0.0	20.0		0.008	0.002	0.003	0.005	0.005
2.10	2.20	20.0	23.0		0.101	0.011	0.012	0.016	0.016
2.10	2.20	23.0	24.0		0.452	0.031	0.031	0.046	0.046
2.10	2.20	24.0	25.0		0.674	0.028	0.027	0.048	0.048
2.10	2.20	25.0	26.0		0.828	0.021	0.020	0.054	0.054
2.10	2.20	26.0	30.0		0.895	0.007	0.007	0.000	0.000
2.10	2.20	30.0	35.0		0.930	0.004	0.004	0.000	0.000
2.10	2.20	35.0	40.0		0.941	0.003	0.003	0.010	0.010
2.10	2.20	40.0	45.0		0.951	0.002	0.002	0.010	0.010
2.10	2.20	45.0	50.0		0.951	0.003	0.003	0.005	0.005
2.10	2.20	50.0	60.0		0.956	0.004	0.004	0.004	0.004
2.10	2.20	60.0	100.0		0.977	0.007	0.006	0.009	0.009
2.10	2.20	100.0	200.0		0.983	0.021	0.011	0.000	0.000
2.20	2.30	0.0	20.0		0.004	0.002	0.003	0.000	0.000
2.20	2.30	20.0	23.0		0.117	0.013	0.014	0.014	0.014
2.20	2.30	23.0	24.0		0.490	0.031	0.031	0.000	0.000
2.20	2.30	24.0	25.0		0.724	0.029	0.027	0.000	0.000
2.20	2.30	25.0	26.0		0.836	0.022	0.020	0.029	0.029
2.20	2.30	26.0	30.0		0.914	0.007	0.007	0.000	0.000
2.20	2.30	30.0	35.0		0.934	0.004	0.004	0.000	0.000
2.20	2.30	35.0	40.0		0.939	0.003	0.003	0.006	0.006
2.20	2.30	40.0	45.0		0.943	0.003	0.002	0.003	0.003
2.20	2.30	45.0	50.0		0.952	0.003	0.003	0.005	0.005
2.20	2.30	50.0	60.0		0.953	0.005	0.004	0.000	0.000
2.20	2.30	60.0	100.0		0.978	0.007	0.006	0.031	0.031
2.20	2.30	100.0	200.0		0.973	0.026	0.015	0.000	0.000
2.30	2.40	0.0	20.0		0.003	0.002	0.003	0.000	0.000
2.30	2.40	20.0	23.0		0.096	0.012	0.013	0.031	0.031
2.30	2.40	23.0	24.0		0.457	0.032	0.032	0.037	0.037
2.30	2.40	24.0	25.0		0.751	0.027	0.026	0.041	0.041
2.30	2.40	25.0	26.0		0.857	0.024	0.022	0.025	0.025
2.30	2.40	26.0	30.0		0.918	0.007	0.007	0.024	0.024
2.30	2.40	30.0	35.0		0.942	0.004	0.004	0.008	0.008
2.30	2.40	35.0	40.0		0.957	0.003	0.003	0.000	0.000
2.30	2.40	40.0	45.0		0.957	0.002	0.002	0.005	0.005
2.30	2.40	45.0	50.0		0.965	0.003	0.002	0.003	0.003
2.30	2.40	50.0	60.0		0.969	0.004	0.003	0.004	0.004
2.30	2.40	60.0	100.0		0.956	0.009	0.008	0.017	0.017
2.30	2.40	100.0	200.0		1.000	0.021	0.000	0.028	0.028
2.40	2.50	0.0	20.0		0.014	0.004	0.005	0.011	0.011
2.40	2.50	20.0	23.0		0.062	0.010	0.012	0.017	0.017
2.40	2.50	23.0	24.0		0.387	0.033	0.034	0.000	0.000
2.40	2.50	24.0	25.0		0.558	0.033	0.032	0.049	0.049
2.40	2.50	25.0	26.0		0.691	0.030	0.029	0.061	0.061
2.40	2.50	26.0	30.0		0.751	0.012	0.011	0.047	0.047
2.40	2.50	30.0	35.0		0.783	0.008	0.008	0.025	0.025
2.40	2.50	35.0	40.0		0.796	0.006	0.006	0.020	0.020
2.40	2.50	40.0	45.0		0.806	0.005	0.005	0.000	0.000
2.40	2.50	45.0	50.0		0.814	0.006	0.005	0.012	0.012
2.40	2.50	50.0	60.0		0.815	0.007	0.007	0.016	0.016
2.40	2.50	60.0	100.0		0.793	0.017	0.016	0.055	0.055
2.40	2.50	100.0	200.0		0.886	0.048	0.036	0.118	0.118
