-2.50	-2.40	0.0	10.0		0.012	0.008	0.015	0.028	0.028
-2.50	-2.40	10.0	12.0		0.048	0.019	0.028	0.031	0.031
-2.50	-2.40	12.0	13.0		0.277	0.052	0.058	0.067	0.067
-2.50	-2.40	13.0	14.0		0.455	0.062	0.063	0.000	0.000
-2.50	-2.40	14.0	15.0		0.618	0.054	0.051	0.000	0.000
-2.50	-2.40	15.0	20.0		0.701	0.016	0.016	0.017	0.017
-2.50	-2.40	20.0	25.0		0.802	0.011	0.011	0.021	0.021
-2.50	-2.40	25.0	30.0		0.821	0.008	0.008	0.011	0.011
-2.50	-2.40	30.0	35.0		0.847	0.007	0.006	0.015	0.015
-2.50	-2.40	35.0	40.0		0.863	0.005	0.005	0.000	0.000
-2.50	-2.40	40.0	45.0		0.884	0.004	0.004	0.006	0.006
-2.50	-2.40	45.0	50.0		0.892	0.004	0.004	0.000	0.000
-2.50	-2.40	50.0	60.0		0.909	0.006	0.005	0.009	0.009
-2.50	-2.40	60.0	100.0		0.926	0.009	0.008	0.000	0.000
-2.50	-2.40	100.0	200.0		0.973	0.021	0.013	0.000	0.000
-2.40	-2.30	0.0	10.0		0.020	0.008	0.013	0.025	0.025
-2.40	-2.30	10.0	12.0		0.066	0.020	0.027	0.000	0.000
-2.40	-2.30	12.0	13.0		0.267	0.046	0.051	0.000	0.000
-2.40	-2.30	13.0	14.0		0.607	0.049	0.047	0.053	0.053
-2.40	-2.30	14.0	15.0		0.715	0.044	0.040	0.049	0.049
-2.40	-2.30	15.0	20.0		0.836	0.013	0.012	0.034	0.034
-2.40	-2.30	20.0	25.0		0.914	0.007	0.007	0.000	0.000
-2.40	-2.30	25.0	30.0		0.936	0.005	0.005	0.015	0.015
-2.40	-2.30	30.0	35.0		0.963	0.003	0.003	0.005	0.005
-2.40	-2.30	35.0	40.0		0.969	0.002	0.002	0.004	0.004
-2.40	-2.30	40.0	45.0		0.972	0.002	0.002	0.004	0.004
-2.40	-2.30	45.0	50.0		0.977	0.002	0.002	0.003	0.003
-2.40	-2.30	50.0	60.0		0.983	0.003	0.002	0.004	0.004
-2.40	-2.30	60.0	100.0		0.989	0.004	0.003	0.000	0.000
-2.40	-2.30	100.0	200.0		0.994	0.014	0.005	0.000	0.000
-2.30	-2.20	0.0	10.0		0.004	0.003	0.008	0.000	0.000
-2.30	-2.20	10.0	12.0		0.050	0.017	0.024	0.000	0.000
-2.30	-2.20	12.0	13.0		0.369	0.045	0.047	0.000	0.000
-2.30	-2.20	13.0	14.0		0.632	0.051	0.048	0.000	0.000
-2.30	-2.20	14.0	15.0		0.769	0.040	0.036	0.071	0.071
-2.30	-2.20	15.0	20.0		0.832	0.013	0.012	0.020	0.020
-2.30	-2.20	20.0	25.0		0.917	0.007	0.007	0.000	0.000
-2.30	-2.20	25.0	30.0		0.931	0.005	0.005	0.010	0.010
-2.30	-2.20	30.0	35.0		0.956	0.003	0.003	0.000	0.000
-2.30	-2.20	35.0	40.0		0.966	0.002	0.002	0.005	0.005
-2.30	-2.20	40.0	45.0		0.968	0.002	0.002	0.002	0.002
-2.30	-2.20	45.0	50.0		0.971	0.002	0.002	0.000	0.000
-2.30	-2.20	50.0	60.0		0.977	0.003	0.003	0.006	0.006
-2.30	-2.20	60.0	100.0		0.989	0.004	0.003	0.004	0.004
-2.30	-2.20	100.0	200.0		0.990	0.013	0.006	0.000	0.000
-2.20	-2.10	0.0	10.0		0.003	0.003	0.007	0.000	0.000
-2.20	-2.10	10.0	12.0		0.038	0.014	0.020	0.041	0.041
-2.20	-2.10	12.0	13.0		0.384	0.044	0.046	0.000	0.000
-2.20	-2.10	13.0	14.0		0.519	0.048	0.048	0.126	0.126
-2.20	-2.10	14.0	15.0		0.714	0.039	0.036	0.075	0.075
-2.20	-2.10	15.0	20.0		0.825	0.012	0.011	0.026	0.026
-2.20	-2.10	20.0	25.0		0.903	0.007	0.007	0.012	0.012
-2.20	-2.10	25.0	30.0		0.920	0.005	0.005	0.012	0.012
-2.20	-2.10	30.0	35.0		0.950	0.003	0.003	0.000	0.000
-2.20	-2.10	35.0	40.0		0.957	0.003	0.002	0.000	0.000
-2.20	-2.10	40.0	45.0		0.962	0.002	0.002	0.000	0.000
-2.20	-2.10	45.0	50.0		0.972	0.002	0.002	0.003	0.003
-2.20	-2.10	50.0	60.0		0.971	0.003	0.003	0.000	0.000
-2.20	-2.10	60.0	100.0		0.989	0.004	0.003	0.004	0.004
-2.20	-2.10	100.0	200.0		0.991	0.012	0.006	0.000	0.000
-2.10	-1.57	0.0	10.0		0.003	0.001	0.002	0.004	0.004
-2.10	-1.57	10.0	12.0		0.087	0.009	0.009	0.000	0.000
-2.10	-1.57	12.0	13.0		0.374	0.019	0.019	0.037	0.037
-2.10	-1.57	13.0	14.0		0.580	0.018	0.018	0.000	0.000
-2.10	-1.57	14.0	15.0		0.733	0.015	0.015	0.046	0.046
-2.10	-1.57	15.0	20.0		0.867	0.004	0.004	0.012	0.012
-2.10	-1.57	20.0	25.0		0.922	0.003	0.002	0.000	0.000
-2.10	-1.57	25.0	30.0		0.946	0.002	0.002	0.004	0.004
-2.10	-1.57	30.0	35.0		0.952	0.001	0.001	0.002	0.002
-2.10	-1.57	35.0	40.0		0.960	0.001	0.001	0.002	0.002
-2.10	-1.57	40.0	45.0		0.970	0.001	0.001	0.000	0.000
-2.10	-1.57	45.0	50.0		0.975	0.001	0.001	0.001	0.001
-2.10	-1.57	50.0	60.0		0.977	0.001	0.001	0.000	0.000
-2.10	-1.57	60.0	100.0		0.983	0.001	0.001	0.004	0.004
-2.10	-1.57	100.0	200.0		0.989	0.003	0.003	0.011	0.011
-1.57	-1.44	0.0	10.0		0.020	0.010	0.015	0.020	0.020
-1.57	-1.44	10.0	12.0		0.162	0.036	0.043	0.070	0.070
-1.57	-1.44	12.0	13.0		0.472	0.052	0.053	0.000	0.000
-1.57	-1.44	13.0	14.0		0.588	0.060	0.058	0.000	0.000
-1.57	-1.44	14.0	15.0		0.746	0.043	0.039	0.000	0.000
-1.57	-1.44	15.0	20.0		0.807	0.013	0.012	0.000	0.000
-1.57	-1.44	20.0	25.0		0.884	0.008	0.008	0.000	0.000
-1.57	-1.44	25.0	30.0		0.893	0.006	0.006	0.014	0.014
-1.57	-1.44	30.0	35.0		0.910	0.004	0.004	0.010	0.010
-1.57	-1.44	35.0	40.0		0.929	0.003	0.003	0.006	0.006
-1.57	-1.44	40.0	45.0		0.942	0.002	0.002	0.000	0.000
-1.57	-1.44	45.0	50.0		0.947	0.003	0.003	0.000	0.000
-1.57	-1.44	50.0	60.0		0.947	0.004	0.004	0.000	0.000
-1.57	-1.44	60.0	100.0		0.952	0.007	0.006	0.000	0.000
-1.57	-1.44	100.0	200.0		0.951	0.016	0.013	0.000	0.000
-1.44	-0.80	0.0	10.0		0.001	0.001	0.001	0.004	0.004
-1.44	-0.80	10.0	12.0		0.084	0.008	0.009	0.012	0.012
-1.44	-0.80	12.0	13.0		0.498	0.019	0.019	0.000	0.000
-1.44	-0.80	13.0	14.0		0.718	0.015	0.015	0.026	0.026
-1.44	-0.80	14.0	15.0		0.807	0.012	0.012	0.019	0.019
-1.44	-0.80	15.0	20.0		0.899	0.003	0.003	0.004	0.004
-1.44	-0.80	20.0	25.0		0.916	0.002	0.002	0.008	0.008
-1.44	-0.80	25.0	30.0		0.924	0.002	0.002	0.000	0.000
-1.44	-0.80	30.0	35.0		0.939	0.001	0.001	0.003	0.003
-1.44	-0.80	35.0	40.0		0.951	0.001	0.001	0.001	0.001
-1.44	-0.80	40.0	45.0		0.958	0.001	0.001	0.001	0.001
-1.44	-0.80	45.0	50.0		0.960	0.001	0.001	0.001	0.001
-1.44	-0.80	50.0	60.0		0.963	0.001	0.001	0.003	0.003
-1.44	-0.80	60.0	100.0		0.973	0.001	0.001	0.001	0.001
-1.44	-0.80	100.0	200.0		0.985	0.003	0.002	0.003	0.003
-0.80	-0.40	0.0	10.0		0.002	0.001	0.003	0.000	0.000
-0.80	-0.40	10.0	12.0		0.106	0.011	0.012	0.014	0.014
-0.80	-0.40	12.0	13.0		0.648	0.022	0.021	0.000	0.000
-0.80	-0.40	13.0	14.0		0.855	0.015	0.014	0.000	0.000
-0.80	-0.40	14.0	15.0		0.911	0.012	0.010	0.014	0.014
-0.80	-0.40	15.0	20.0		0.934	0.003	0.003	0.005	0.005
-0.80	-0.40	20.0	25.0		0.921	0.002	0.002	0.007	0.007
-0.80	-0.40	25.0	30.0		0.923	0.002	0.002	0.002	0.002
-0.80	-0.40	30.0	35.0		0.940	0.001	0.001	0.000	0.000
-0.80	-0.40	35.0	40.0		0.951	0.001	0.001	0.001	0.001
-0.80	-0.40	40.0	45.0		0.956	0.001	0.001	0.003	0.003
-0.80	-0.40	45.0	50.0		0.966	0.001	0.001	0.003	0.003
-0.80	-0.40	50.0	60.0		0.971	0.001	0.001	0.005	0.005
-0.80	-0.40	60.0	100.0		0.980	0.001	0.001	0.000	0.000
-0.80	-0.40	100.0	200.0		0.990	0.003	0.002	0.000	0.000
-0.40	0.00	0.0	10.0		0.001	0.001	0.003	0.000	0.000
-0.40	0.00	10.0	12.0		0.120	0.012	0.013	0.025	0.025
-0.40	0.00	12.0	13.0		0.696	0.020	0.020	0.053	0.053
-0.40	0.00	13.0	14.0		0.890	0.013	0.012	0.019	0.019
-0.40	0.00	14.0	15.0		0.937	0.009	0.008	0.016	0.016
-0.40	0.00	15.0	20.0		0.938	0.003	0.003	0.000	0.000
-0.40	0.00	20.0	25.0		0.919	0.002	0.002	0.000	0.000
-0.40	0.00	25.0	30.0		0.925	0.002	0.002	0.004	0.004
-0.40	0.00	30.0	35.0		0.944	0.001	0.001	0.002	0.002
-0.40	0.00	35.0	40.0		0.957	0.001	0.001	0.002	0.002
-0.40	0.00	40.0	45.0		0.963	0.001	0.001	0.000	0.000
-0.40	0.00	45.0	50.0		0.966	0.001	0.001	0.000	0.000
-0.40	0.00	50.0	60.0		0.971	0.001	0.001	0.002	0.002
-0.40	0.00	60.0	100.0		0.984	0.001	0.001	0.003	0.003
-0.40	0.00	100.0	200.0		0.990	0.003	0.002	0.000	0.000
0.00	0.40	0.0	10.0		0.001	0.001	0.003	0.000	0.000
0.00	0.40	10.0	12.0		0.112	0.012	0.013	0.024	0.024
0.00	0.40	12.0	13.0		0.702	0.020	0.019	0.036	0.036
0.00	0.40	13.0	14.0		0.893	0.013	0.012	0.020	0.020
0.00	0.40	14.0	15.0		0.908	0.011	0.010	0.000	0.000
0.00	0.40	15.0	20.0		0.937	0.003	0.003	0.000	0.000
0.00	0.40	20.0	25.0		0.919	0.002	0.002	0.003	0.003
0.00	0.40	25.0	30.0		0.925	0.002	0.002	0.002	0.002
0.00	0.40	30.0	35.0		0.944	0.001	0.001	0.003	0.003
0.00	0.40	35.0	40.0		0.958	0.001	0.001	0.002	0.002
0.00	0.40	40.0	45.0		0.961	0.001	0.001	0.000	0.000
0.00	0.40	45.0	50.0		0.965	0.001	0.001	0.001	0.001
0.00	0.40	50.0	60.0		0.971	0.001	0.001	0.005	0.005
0.00	0.40	60.0	100.0		0.983	0.001	0.001	0.002	0.002
0.00	0.40	100.0	200.0		0.988	0.003	0.002	0.000	0.000
0.40	0.80	0.0	10.0		0.000	0.000	0.002	0.000	0.000
0.40	0.80	10.0	12.0		0.069	0.009	0.011	0.025	0.025
0.40	0.80	12.0	13.0		0.652	0.022	0.021	0.047	0.047
0.40	0.80	13.0	14.0		0.854	0.015	0.014	0.017	0.017
0.40	0.80	14.0	15.0		0.914	0.011	0.010	0.020	0.020
0.40	0.80	15.0	20.0		0.936	0.003	0.003	0.005	0.005
0.40	0.80	20.0	25.0		0.926	0.002	0.002	0.002	0.002
0.40	0.80	25.0	30.0		0.928	0.002	0.002	0.002	0.002
0.40	0.80	30.0	35.0		0.942	0.001	0.001	0.001	0.001
0.40	0.80	35.0	40.0		0.956	0.001	0.001	0.003	0.003
0.40	0.80	40.0	45.0		0.963	0.001	0.001	0.001	0.001
0.40	0.80	45.0	50.0		0.966	0.001	0.001	0.002	0.002
0.40	0.80	50.0	60.0		0.972	0.001	0.001	0.001	0.001
0.40	0.80	60.0	100.0		0.984	0.001	0.001	0.000	0.000
0.40	0.80	100.0	200.0		0.991	0.003	0.002	0.000	0.000
0.80	1.44	0.0	10.0		0.001	0.001	0.001	0.000	0.000
0.80	1.44	10.0	12.0		0.065	0.007	0.008	0.010	0.010
0.80	1.44	12.0	13.0		0.448	0.018	0.018	0.000	0.000
0.80	1.44	13.0	14.0		0.695	0.015	0.015	0.072	0.072
0.80	1.44	14.0	15.0		0.803	0.013	0.012	0.000	0.000
0.80	1.44	15.0	20.0		0.897	0.003	0.003	0.005	0.005
0.80	1.44	20.0	25.0		0.918	0.002	0.002	0.006	0.006
0.80	1.44	25.0	30.0		0.927	0.002	0.001	0.002	0.002
0.80	1.44	30.0	35.0		0.943	0.001	0.001	0.004	0.004
0.80	1.44	35.0	40.0		0.956	0.001	0.001	0.002	0.002
0.80	1.44	40.0	45.0		0.963	0.001	0.001	0.001	0.001
0.80	1.44	45.0	50.0		0.965	0.001	0.001	0.000	0.000
0.80	1.44	50.0	60.0		0.968	0.001	0.001	0.000	0.000
0.80	1.44	60.0	100.0		0.977	0.001	0.001	0.002	0.002
0.80	1.44	100.0	200.0		0.988	0.002	0.002	0.000	0.000
1.44	1.57	0.0	10.0		0.005	0.004	0.010	0.000	0.000
1.44	1.57	10.0	12.0		0.081	0.024	0.031	0.042	0.042
1.44	1.57	12.0	13.0		0.350	0.050	0.053	0.000	0.000
1.44	1.57	13.0	14.0		0.518	0.051	0.051	0.166	0.166
1.44	1.57	14.0	15.0		0.664	0.045	0.043	0.057	0.057
1.44	1.57	15.0	20.0		0.820	0.013	0.012	0.018	0.018
1.44	1.57	20.0	25.0		0.894	0.008	0.007	0.000	0.000
1.44	1.57	25.0	30.0		0.900	0.006	0.006	0.008	0.008
1.44	1.57	30.0	35.0		0.915	0.004	0.004	0.007	0.007
1.44	1.57	35.0	40.0		0.934	0.003	0.003	0.000	0.000
1.44	1.57	40.0	45.0		0.946	0.002	0.002	0.005	0.005
1.44	1.57	45.0	50.0		0.954	0.003	0.003	0.006	0.006
1.44	1.57	50.0	60.0		0.957	0.004	0.004	0.008	0.008
1.44	1.57	60.0	100.0		0.954	0.007	0.006	0.009	0.009
1.44	1.57	100.0	200.0		0.985	0.011	0.007	0.024	0.024
1.57	2.10	0.0	10.0		0.004	0.002	0.002	0.005	0.005
1.57	2.10	10.0	12.0		0.082	0.009	0.009	0.000	0.000
1.57	2.10	12.0	13.0		0.349	0.019	0.020	0.042	0.042
1.57	2.10	13.0	14.0		0.586	0.019	0.018	0.052	0.052
1.57	2.10	14.0	15.0		0.735	0.015	0.015	0.040	0.040
1.57	2.10	15.0	20.0		0.854	0.004	0.004	0.015	0.015
1.57	2.10	20.0	25.0		0.918	0.003	0.003	0.005	0.005
1.57	2.10	25.0	30.0		0.943	0.002	0.002	0.000	0.000
1.57	2.10	30.0	35.0		0.950	0.001	0.001	0.003	0.003
1.57	2.10	35.0	40.0		0.962	0.001	0.001	0.000	0.000
1.57	2.10	40.0	45.0		0.971	0.001	0.001	0.001	0.001
1.57	2.10	45.0	50.0		0.977	0.001	0.001	0.001	0.001
1.57	2.10	50.0	60.0		0.976	0.001	0.001	0.000	0.000
1.57	2.10	60.0	100.0		0.983	0.001	0.001	0.002	0.002
1.57	2.10	100.0	200.0		0.993	0.003	0.002	0.003	0.003
2.10	2.20	0.0	10.0		0.003	0.003	0.008	0.000	0.000
2.10	2.20	10.0	12.0		0.058	0.018	0.024	0.000	0.000
2.10	2.20	12.0	13.0		0.377	0.060	0.063	0.130	0.130
2.10	2.20	13.0	14.0		0.534	0.044	0.044	0.068	0.068
2.10	2.20	14.0	15.0		0.712	0.044	0.040	0.066	0.066
2.10	2.20	15.0	20.0		0.844	0.012	0.011	0.018	0.018
2.10	2.20	20.0	25.0		0.909	0.007	0.007	0.022	0.022
2.10	2.20	25.0	30.0		0.935	0.005	0.005	0.000	0.000
2.10	2.20	30.0	35.0		0.946	0.004	0.003	0.006	0.006
2.10	2.20	35.0	40.0		0.954	0.003	0.002	0.006	0.006
2.10	2.20	40.0	45.0		0.963	0.002	0.002	0.002	0.002
2.10	2.20	45.0	50.0		0.970	0.002	0.002	0.003	0.003
2.10	2.20	50.0	60.0		0.968	0.003	0.003	0.006	0.006
2.10	2.20	60.0	100.0		0.987	0.004	0.003	0.007	0.007
2.10	2.20	100.0	200.0		1.000	0.008	0.000	0.013	0.013
2.20	2.30	0.0	10.0		0.007	0.004	0.009	0.014	0.014
2.20	2.30	10.0	12.0		0.064	0.020	0.026	0.027	0.027
2.20	2.30	12.0	13.0		0.324	0.048	0.052	0.000	0.000
2.20	2.30	13.0	14.0		0.618	0.045	0.043	0.051	0.051
2.20	2.30	14.0	15.0		0.824	0.036	0.032	0.000	0.000
2.20	2.30	15.0	20.0		0.827	0.013	0.012	0.042	0.042
2.20	2.30	20.0	25.0		0.927	0.007	0.006	0.019	0.019
2.20	2.30	25.0	30.0		0.934	0.005	0.005	0.000	0.000
2.20	2.30	30.0	35.0		0.952	0.004	0.003	0.004	0.004
2.20	2.30	35.0	40.0		0.958	0.003	0.002	0.006	0.006
2.20	2.30	40.0	45.0		0.962	0.002	0.002	0.004	0.004
2.20	2.30	45.0	50.0		0.969	0.002	0.002	0.003	0.003
2.20	2.30	50.0	60.0		0.975	0.003	0.003	0.000	0.000
2.20	2.30	60.0	100.0		0.986	0.004	0.003	0.000	0.000
2.20	2.30	100.0	200.0		0.995	0.011	0.004	0.000	0.000
2.30	2.40	0.0	10.0		0.017	0.008	0.012	0.017	0.017
2.30	2.40	10.0	12.0		0.022	0.012	0.021	0.000	0.000
2.30	2.40	12.0	13.0		0.272	0.049	0.054	0.000	0.000
2.30	2.40	13.0	14.0		0.590	0.049	0.048	0.081	0.081
2.30	2.40	14.0	15.0		0.727	0.047	0.042	0.000	0.000
2.30	2.40	15.0	20.0		0.806	0.013	0.013	0.026	0.026
2.30	2.40	20.0	25.0		0.908	0.008	0.007	0.015	0.015
2.30	2.40	25.0	30.0		0.946	0.005	0.005	0.000	0.000
2.30	2.40	30.0	35.0		0.959	0.004	0.003	0.007	0.007
2.30	2.40	35.0	40.0		0.967	0.003	0.002	0.000	0.000
2.30	2.40	40.0	45.0		0.971	0.002	0.002	0.003	0.003
2.30	2.40	45.0	50.0		0.982	0.002	0.002	0.006	0.006
2.30	2.40	50.0	60.0		0.978	0.003	0.003	0.005	0.005
2.30	2.40	60.0	100.0		0.990	0.004	0.003	0.011	0.011
2.30	2.40	100.0	200.0		1.000	0.010	0.000	0.012	0.012
2.40	2.50	0.0	10.0		0.025	0.011	0.017	0.000	0.000
2.40	2.50	10.0	12.0		0.065	0.024	0.033	0.055	0.055
2.40	2.50	12.0	13.0		0.172	0.042	0.050	0.000	0.000
2.40	2.50	13.0	14.0		0.392	0.061	0.065	0.000	0.000
2.40	2.50	14.0	15.0		0.580	0.052	0.050	0.077	0.077
2.40	2.50	15.0	20.0		0.701	0.016	0.016	0.020	0.020
2.40	2.50	20.0	25.0		0.751	0.012	0.012	0.000	0.000
2.40	2.50	25.0	30.0		0.791	0.009	0.009	0.010	0.010
2.40	2.50	30.0	35.0		0.802	0.007	0.007	0.014	0.014
2.40	2.50	35.0	40.0		0.811	0.006	0.005	0.007	0.007
2.40	2.50	40.0	45.0		0.794	0.005	0.005	0.017	0.017
2.40	2.50	45.0	50.0		0.815	0.005	0.005	0.012	0.012
2.40	2.50	50.0	60.0		0.832	0.007	0.007	0.013	0.013
2.40	2.50	60.0	100.0		0.824	0.013	0.012	0.000	0.000
2.40	2.50	100.0	200.0		0.877	0.032	0.027	0.000	0.000
