-2.50	-2.40	5.0	15.0		0.000	0.000	0.001	0.000	0.000
-2.50	-2.40	15.0	25.0		0.000	0.000	0.000	0.000	0.000
-2.50	-2.40	25.0	28.0		0.002	0.001	0.001	0.000	0.000
-2.50	-2.40	28.0	29.5		0.039	0.005	0.006	0.029	0.029
-2.50	-2.40	29.5	30.5		0.158	0.011	0.012	0.000	0.000
-2.50	-2.40	30.5	31.5		0.307	0.013	0.014	0.016	0.016
-2.50	-2.40	31.5	32.5		0.401	0.014	0.014	0.031	0.031
-2.50	-2.40	32.5	33.5		0.491	0.014	0.014	0.000	0.000
-2.50	-2.40	33.5	34.5		0.517	0.013	0.013	0.029	0.029
-2.50	-2.40	34.5	36.0		0.547	0.010	0.010	0.016	0.016
-2.50	-2.40	36.0	39.0		0.569	0.006	0.006	0.013	0.013
-2.50	-2.40	39.0	42.5		0.603	0.005	0.005	0.010	0.010
-2.50	-2.40	42.5	47.5		0.631	0.004	0.004	0.005	0.005
-2.50	-2.40	47.5	55.0		0.649	0.005	0.005	0.015	0.015
-2.50	-2.40	55.0	80.0		0.741	0.008	0.008	0.030	0.030
-2.40	-2.30	5.0	15.0		0.000	0.000	0.001	0.000	0.000
-2.40	-2.30	15.0	25.0		0.000	0.000	0.000	0.000	0.000
-2.40	-2.30	25.0	28.0		0.001	0.001	0.001	0.000	0.000
-2.40	-2.30	28.0	29.5		0.061	0.006	0.006	0.000	0.000
-2.40	-2.30	29.5	30.5		0.238	0.013	0.013	0.000	0.000
-2.40	-2.30	30.5	31.5		0.463	0.014	0.014	0.023	0.023
-2.40	-2.30	31.5	32.5		0.619	0.013	0.013	0.026	0.026
-2.40	-2.30	32.5	33.5		0.675	0.012	0.012	0.024	0.024
-2.40	-2.30	33.5	34.5		0.735	0.011	0.011	0.017	0.017
-2.40	-2.30	34.5	36.0		0.752	0.008	0.008	0.010	0.010
-2.40	-2.30	36.0	39.0		0.765	0.005	0.005	0.000	0.000
-2.40	-2.30	39.0	42.5		0.790	0.004	0.004	0.000	0.000
-2.40	-2.30	42.5	47.5		0.809	0.003	0.003	0.009	0.009
-2.40	-2.30	47.5	55.0		0.829	0.004	0.004	0.005	0.005
-2.40	-2.30	55.0	80.0		0.870	0.006	0.006	0.000	0.000
-2.30	-2.20	5.0	15.0		0.000	0.000	0.001	0.000	0.000
-2.30	-2.20	15.0	25.0		0.000	0.000	0.000	0.000	0.000
-2.30	-2.20	25.0	28.0		0.002	0.001	0.001	0.000	0.000
-2.30	-2.20	28.0	29.5		0.055	0.005	0.006	0.000	0.000
-2.30	-2.20	29.5	30.5		0.275	0.012	0.013	0.013	0.013
-2.30	-2.20	30.5	31.5		0.523	0.013	0.013	0.000	0.000
-2.30	-2.20	31.5	32.5		0.661	0.012	0.012	0.021	0.021
-2.30	-2.20	32.5	33.5		0.735	0.011	0.011	0.000	0.000
-2.30	-2.20	33.5	34.5		0.765	0.010	0.010	0.028	0.028
-2.30	-2.20	34.5	36.0		0.773	0.007	0.007	0.000	0.000
-2.30	-2.20	36.0	39.0		0.801	0.005	0.004	0.000	0.000
-2.30	-2.20	39.0	42.5		0.811	0.004	0.004	0.009	0.009
-2.30	-2.20	42.5	47.5		0.831	0.003	0.003	0.007	0.007
-2.30	-2.20	47.5	55.0		0.853	0.004	0.004	0.004	0.004
-2.30	-2.20	55.0	80.0		0.878	0.006	0.005	0.006	0.006
-2.20	-2.10	5.0	15.0		0.000	0.000	0.001	0.000	0.000
-2.20	-2.10	15.0	25.0		0.003	0.001	0.001	0.002	0.002
-2.20	-2.10	25.0	28.0		0.004	0.001	0.001	0.002	0.002
-2.20	-2.10	28.0	29.5		0.064	0.006	0.006	0.017	0.017
-2.20	-2.10	29.5	30.5		0.321	0.012	0.013	0.039	0.039
-2.20	-2.10	30.5	31.5		0.540	0.013	0.013	0.014	0.014
-2.20	-2.10	31.5	32.5		0.666	0.011	0.011	0.031	0.031
-2.20	-2.10	32.5	33.5		0.746	0.010	0.010	0.024	0.024
-2.20	-2.10	33.5	34.5		0.775	0.009	0.009	0.019	0.019
-2.20	-2.10	34.5	36.0		0.785	0.007	0.007	0.013	0.013
-2.20	-2.10	36.0	39.0		0.801	0.004	0.004	0.005	0.005
-2.20	-2.10	39.0	42.5		0.823	0.003	0.003	0.006	0.006
-2.20	-2.10	42.5	47.5		0.840	0.003	0.003	0.000	0.000
-2.20	-2.10	47.5	55.0		0.848	0.004	0.004	0.007	0.007
-2.20	-2.10	55.0	80.0		0.883	0.005	0.005	0.019	0.019
-2.10	-1.57	5.0	15.0		0.000	0.000	0.000	0.000	0.000
-2.10	-1.57	15.0	25.0		0.005	0.000	0.000	0.003	0.003
-2.10	-1.57	25.0	28.0		0.012	0.001	0.001	0.001	0.001
-2.10	-1.57	28.0	29.5		0.094	0.003	0.003	0.003	0.003
-2.10	-1.57	29.5	30.5		0.330	0.005	0.005	0.006	0.006
-2.10	-1.57	30.5	31.5		0.546	0.005	0.005	0.000	0.000
-2.10	-1.57	31.5	32.5		0.685	0.004	0.004	0.011	0.011
-2.10	-1.57	32.5	33.5		0.750	0.004	0.004	0.007	0.007
-2.10	-1.57	33.5	34.5		0.771	0.004	0.004	0.004	0.004
-2.10	-1.57	34.5	36.0		0.795	0.003	0.003	0.005	0.005
-2.10	-1.57	36.0	39.0		0.814	0.002	0.002	0.002	0.002
-2.10	-1.57	39.0	42.5		0.833	0.001	0.001	0.000	0.000
-2.10	-1.57	42.5	47.5		0.850	0.001	0.001	0.003	0.003
-2.10	-1.57	47.5	55.0		0.861	0.001	0.001	0.002	0.002
-2.10	-1.57	55.0	80.0		0.879	0.002	0.002	0.004	0.004
-1.57	-1.44	5.0	15.0		0.000	0.000	0.001	0.000	0.000
-1.57	-1.44	15.0	25.0		0.010	0.001	0.001	0.006	0.006
-1.57	-1.44	25.0	28.0		0.038	0.003	0.004	0.007	0.007
-1.57	-1.44	28.0	29.5		0.124	0.007	0.008	0.000	0.000
-1.57	-1.44	29.5	30.5		0.312	0.012	0.012	0.000	0.000
-1.57	-1.44	30.5	31.5		0.557	0.012	0.012	0.013	0.013
-1.57	-1.44	31.5	32.5		0.635	0.012	0.011	0.000	0.000
-1.57	-1.44	32.5	33.5		0.694	0.010	0.010	0.021	0.021
-1.57	-1.44	33.5	34.5		0.714	0.010	0.010	0.018	0.018
-1.57	-1.44	34.5	36.0		0.754	0.007	0.007	0.008	0.008
-1.57	-1.44	36.0	39.0		0.764	0.004	0.004	0.005	0.005
-1.57	-1.44	39.0	42.5		0.806	0.003	0.003	0.010	0.010
-1.57	-1.44	42.5	47.5		0.822	0.003	0.003	0.004	0.004
-1.57	-1.44	47.5	55.0		0.829	0.004	0.004	0.007	0.007
-1.57	-1.44	55.0	80.0		0.838	0.006	0.006	0.015	0.015
-1.44	-0.80	5.0	15.0		0.000	0.000	0.000	0.001	0.001
-1.44	-0.80	15.0	25.0		0.002	0.000	0.000	0.001	0.001
-1.44	-0.80	25.0	28.0		0.005	0.000	0.000	0.001	0.001
-1.44	-0.80	28.0	29.5		0.058	0.002	0.002	0.003	0.003
-1.44	-0.80	29.5	30.5		0.375	0.004	0.004	0.004	0.004
-1.44	-0.80	30.5	31.5		0.665	0.004	0.004	0.004	0.004
-1.44	-0.80	31.5	32.5		0.765	0.003	0.003	0.000	0.000
-1.44	-0.80	32.5	33.5		0.793	0.003	0.003	0.000	0.000
-1.44	-0.80	33.5	34.5		0.808	0.003	0.002	0.000	0.000
-1.44	-0.80	34.5	36.0		0.820	0.002	0.002	0.000	0.000
-1.44	-0.80	36.0	39.0		0.833	0.001	0.001	0.002	0.002
-1.44	-0.80	39.0	42.5		0.848	0.001	0.001	0.001	0.001
-1.44	-0.80	42.5	47.5		0.863	0.001	0.001	0.000	0.000
-1.44	-0.80	47.5	55.0		0.878	0.001	0.001	0.000	0.000
-1.44	-0.80	55.0	80.0		0.903	0.001	0.001	0.003	0.003
-0.80	-0.40	5.0	15.0		0.000	0.000	0.000	0.000	0.000
-0.80	-0.40	15.0	25.0		0.000	0.000	0.000	0.000	0.000
-0.80	-0.40	25.0	28.0		0.002	0.000	0.000	0.001	0.001
-0.80	-0.40	28.0	29.5		0.045	0.002	0.002	0.004	0.004
-0.80	-0.40	29.5	30.5		0.413	0.004	0.005	0.017	0.017
-0.80	-0.40	30.5	31.5		0.744	0.004	0.004	0.006	0.006
-0.80	-0.40	31.5	32.5		0.807	0.003	0.003	0.005	0.005
-0.80	-0.40	32.5	33.5		0.817	0.003	0.003	0.000	0.000
-0.80	-0.40	33.5	34.5		0.829	0.003	0.003	0.007	0.007
-0.80	-0.40	34.5	36.0		0.832	0.002	0.002	0.004	0.004
-0.80	-0.40	36.0	39.0		0.839	0.001	0.001	0.000	0.000
-0.80	-0.40	39.0	42.5		0.851	0.001	0.001	0.000	0.000
-0.80	-0.40	42.5	47.5		0.869	0.001	0.001	0.000	0.000
-0.80	-0.40	47.5	55.0		0.889	0.001	0.001	0.002	0.002
-0.80	-0.40	55.0	80.0		0.918	0.002	0.002	0.000	0.000
-0.40	0.00	5.0	15.0		0.000	0.000	0.000	0.000	0.000
-0.40	0.00	15.0	25.0		0.000	0.000	0.000	0.000	0.000
-0.40	0.00	25.0	28.0		0.002	0.000	0.000	0.000	0.000
-0.40	0.00	28.0	29.5		0.025	0.001	0.001	0.005	0.005
-0.40	0.00	29.5	30.5		0.399	0.004	0.005	0.009	0.009
-0.40	0.00	30.5	31.5		0.768	0.004	0.004	0.000	0.000
-0.40	0.00	31.5	32.5		0.812	0.003	0.003	0.009	0.009
-0.40	0.00	32.5	33.5		0.826	0.003	0.003	0.000	0.000
-0.40	0.00	33.5	34.5		0.829	0.003	0.003	0.004	0.004
-0.40	0.00	34.5	36.0		0.837	0.002	0.002	0.002	0.002
-0.40	0.00	36.0	39.0		0.850	0.001	0.001	0.002	0.002
-0.40	0.00	39.0	42.5		0.860	0.001	0.001	0.000	0.000
-0.40	0.00	42.5	47.5		0.877	0.001	0.001	0.000	0.000
-0.40	0.00	47.5	55.0		0.898	0.001	0.001	0.003	0.003
-0.40	0.00	55.0	80.0		0.926	0.001	0.001	0.000	0.000
0.00	0.40	5.0	15.0		0.000	0.000	0.000	0.000	0.000
0.00	0.40	15.0	25.0		0.000	0.000	0.000	0.000	0.000
0.00	0.40	25.0	28.0		0.001	0.000	0.000	0.000	0.000
0.00	0.40	28.0	29.5		0.019	0.001	0.001	0.000	0.000
0.00	0.40	29.5	30.5		0.354	0.004	0.004	0.000	0.000
0.00	0.40	30.5	31.5		0.757	0.004	0.004	0.000	0.000
0.00	0.40	31.5	32.5		0.818	0.003	0.003	0.000	0.000
0.00	0.40	32.5	33.5		0.829	0.003	0.003	0.000	0.000
0.00	0.40	33.5	34.5		0.832	0.003	0.003	0.005	0.005
0.00	0.40	34.5	36.0		0.836	0.002	0.002	0.004	0.004
0.00	0.40	36.0	39.0		0.848	0.001	0.001	0.002	0.002
0.00	0.40	39.0	42.5		0.858	0.001	0.001	0.002	0.002
0.00	0.40	42.5	47.5		0.873	0.001	0.001	0.001	0.001
0.00	0.40	47.5	55.0		0.896	0.001	0.001	0.001	0.001
0.00	0.40	55.0	80.0		0.926	0.001	0.001	0.000	0.000
0.40	0.80	5.0	15.0		0.000	0.000	0.000	0.000	0.000
0.40	0.80	15.0	25.0		0.001	0.000	0.000	0.000	0.000
0.40	0.80	25.0	28.0		0.002	0.000	0.000	0.001	0.001
0.40	0.80	28.0	29.5		0.022	0.001	0.001	0.003	0.003
0.40	0.80	29.5	30.5		0.293	0.004	0.004	0.015	0.015
0.40	0.80	30.5	31.5		0.696	0.004	0.004	0.009	0.009
0.40	0.80	31.5	32.5		0.807	0.003	0.003	0.006	0.006
0.40	0.80	32.5	33.5		0.825	0.003	0.003	0.004	0.004
0.40	0.80	33.5	34.5		0.835	0.003	0.003	0.000	0.000
0.40	0.80	34.5	36.0		0.838	0.002	0.002	0.003	0.003
0.40	0.80	36.0	39.0		0.845	0.001	0.001	0.004	0.004
0.40	0.80	39.0	42.5		0.857	0.001	0.001	0.003	0.003
0.40	0.80	42.5	47.5		0.872	0.001	0.001	0.001	0.001
0.40	0.80	47.5	55.0		0.894	0.001	0.001	0.002	0.002
0.40	0.80	55.0	80.0		0.922	0.002	0.001	0.007	0.007
0.80	1.44	5.0	15.0		0.000	0.000	0.000	0.000	0.000
0.80	1.44	15.0	25.0		0.001	0.000	0.000	0.000	0.000
0.80	1.44	25.0	28.0		0.003	0.000	0.000	0.001	0.001
0.80	1.44	28.0	29.5		0.035	0.001	0.001	0.003	0.003
0.80	1.44	29.5	30.5		0.285	0.004	0.004	0.000	0.000
0.80	1.44	30.5	31.5		0.627	0.004	0.004	0.011	0.011
0.80	1.44	31.5	32.5		0.754	0.003	0.003	0.000	0.000
0.80	1.44	32.5	33.5		0.790	0.003	0.003	0.003	0.003
0.80	1.44	33.5	34.5		0.811	0.003	0.002	0.010	0.010
0.80	1.44	34.5	36.0		0.818	0.002	0.002	0.000	0.000
0.80	1.44	36.0	39.0		0.835	0.001	0.001	0.003	0.003
0.80	1.44	39.0	42.5		0.850	0.001	0.001	0.003	0.003
0.80	1.44	42.5	47.5		0.866	0.001	0.001	0.002	0.002
0.80	1.44	47.5	55.0		0.881	0.001	0.001	0.001	0.001
0.80	1.44	55.0	80.0		0.909	0.001	0.001	0.002	0.002
1.44	1.57	5.0	15.0		0.000	0.000	0.001	0.000	0.000
1.44	1.57	15.0	25.0		0.001	0.000	0.001	0.001	0.001
1.44	1.57	25.0	28.0		0.019	0.002	0.003	0.003	0.003
1.44	1.57	28.0	29.5		0.077	0.006	0.006	0.010	0.010
1.44	1.57	29.5	30.5		0.269	0.012	0.012	0.000	0.000
1.44	1.57	30.5	31.5		0.491	0.013	0.013	0.033	0.033
1.44	1.57	31.5	32.5		0.617	0.012	0.011	0.000	0.000
1.44	1.57	32.5	33.5		0.649	0.011	0.011	0.032	0.032
1.44	1.57	33.5	34.5		0.701	0.010	0.010	0.000	0.000
1.44	1.57	34.5	36.0		0.742	0.007	0.007	0.010	0.010
1.44	1.57	36.0	39.0		0.772	0.004	0.004	0.000	0.000
1.44	1.57	39.0	42.5		0.799	0.004	0.004	0.009	0.009
1.44	1.57	42.5	47.5		0.827	0.003	0.003	0.008	0.008
1.44	1.57	47.5	55.0		0.837	0.004	0.004	0.005	0.005
1.44	1.57	55.0	80.0		0.844	0.006	0.006	0.007	0.007
1.57	2.10	5.0	15.0		0.000	0.000	0.000	0.000	0.000
1.57	2.10	15.0	25.0		0.001	0.000	0.000	0.001	0.001
1.57	2.10	25.0	28.0		0.004	0.000	0.001	0.001	0.001
1.57	2.10	28.0	29.5		0.064	0.002	0.002	0.003	0.003
1.57	2.10	29.5	30.5		0.263	0.005	0.005	0.007	0.007
1.57	2.10	30.5	31.5		0.496	0.005	0.005	0.006	0.006
1.57	2.10	31.5	32.5		0.648	0.005	0.005	0.006	0.006
1.57	2.10	32.5	33.5		0.731	0.004	0.004	0.008	0.008
1.57	2.10	33.5	34.5		0.764	0.004	0.004	0.007	0.007
1.57	2.10	34.5	36.0		0.783	0.003	0.003	0.000	0.000
1.57	2.10	36.0	39.0		0.813	0.002	0.002	0.004	0.004
1.57	2.10	39.0	42.5		0.832	0.001	0.001	0.002	0.002
1.57	2.10	42.5	47.5		0.851	0.001	0.001	0.000	0.000
1.57	2.10	47.5	55.0		0.861	0.001	0.001	0.002	0.002
1.57	2.10	55.0	80.0		0.876	0.002	0.002	0.003	0.003
2.10	2.20	5.0	15.0		0.000	0.000	0.001	0.000	0.000
2.10	2.20	15.0	25.0		0.000	0.000	0.000	0.001	0.001
2.10	2.20	25.0	28.0		0.000	0.000	0.001	0.000	0.000
2.10	2.20	28.0	29.5		0.040	0.004	0.005	0.000	0.000
2.10	2.20	29.5	30.5		0.221	0.011	0.011	0.039	0.039
2.10	2.20	30.5	31.5		0.467	0.013	0.013	0.015	0.015
2.10	2.20	31.5	32.5		0.644	0.011	0.011	0.000	0.000
2.10	2.20	32.5	33.5		0.732	0.010	0.010	0.000	0.000
2.10	2.20	33.5	34.5		0.752	0.010	0.010	0.011	0.011
2.10	2.20	34.5	36.0		0.769	0.007	0.007	0.000	0.000
2.10	2.20	36.0	39.0		0.793	0.004	0.004	0.000	0.000
2.10	2.20	39.0	42.5		0.808	0.003	0.003	0.006	0.006
2.10	2.20	42.5	47.5		0.829	0.003	0.003	0.000	0.000
2.10	2.20	47.5	55.0		0.846	0.004	0.004	0.000	0.000
2.10	2.20	55.0	80.0		0.872	0.005	0.005	0.000	0.000
2.20	2.30	5.0	15.0		0.000	0.000	0.001	0.000	0.000
2.20	2.30	15.0	25.0		0.000	0.000	0.000	0.000	0.000
2.20	2.30	25.0	28.0		0.001	0.001	0.001	0.000	0.000
2.20	2.30	28.0	29.5		0.042	0.005	0.005	0.000	0.000
2.20	2.30	29.5	30.5		0.219	0.011	0.012	0.020	0.020
2.20	2.30	30.5	31.5		0.488	0.013	0.013	0.033	0.033
2.20	2.30	31.5	32.5		0.624	0.012	0.012	0.030	0.030
2.20	2.30	32.5	33.5		0.708	0.011	0.011	0.000	0.000
2.20	2.30	33.5	34.5		0.739	0.010	0.010	0.023	0.023
2.20	2.30	34.5	36.0		0.780	0.008	0.007	0.013	0.013
2.20	2.30	36.0	39.0		0.791	0.005	0.005	0.009	0.009
2.20	2.30	39.0	42.5		0.808	0.004	0.004	0.007	0.007
2.20	2.30	42.5	47.5		0.821	0.003	0.003	0.000	0.000
2.20	2.30	47.5	55.0		0.843	0.004	0.004	0.006	0.006
2.20	2.30	55.0	80.0		0.861	0.006	0.006	0.011	0.011
2.30	2.40	5.0	15.0		0.000	0.000	0.001	0.000	0.000
2.30	2.40	15.0	25.0		0.000	0.000	0.000	0.000	0.000
2.30	2.40	25.0	28.0		0.001	0.000	0.001	0.000	0.000
2.30	2.40	28.0	29.5		0.043	0.005	0.006	0.010	0.010
2.30	2.40	29.5	30.5		0.218	0.012	0.012	0.044	0.044
2.30	2.40	30.5	31.5		0.393	0.013	0.013	0.039	0.039
2.30	2.40	31.5	32.5		0.553	0.013	0.013	0.033	0.033
2.30	2.40	32.5	33.5		0.662	0.012	0.012	0.020	0.020
2.30	2.40	33.5	34.5		0.717	0.011	0.011	0.000	0.000
2.30	2.40	34.5	36.0		0.753	0.008	0.008	0.000	0.000
2.30	2.40	36.0	39.0		0.745	0.005	0.005	0.010	0.010
2.30	2.40	39.0	42.5		0.770	0.004	0.004	0.007	0.007
2.30	2.40	42.5	47.5		0.793	0.003	0.003	0.000	0.000
2.30	2.40	47.5	55.0		0.807	0.004	0.004	0.010	0.010
2.30	2.40	55.0	80.0		0.842	0.006	0.006	0.015	0.015
2.40	2.50	5.0	15.0		0.000	0.000	0.001	0.000	0.000
2.40	2.50	15.0	25.0		0.000	0.000	0.000	0.000	0.000
2.40	2.50	25.0	28.0		0.003	0.001	0.002	0.003	0.003
2.40	2.50	28.0	29.5		0.029	0.004	0.005	0.007	0.007
2.40	2.50	29.5	30.5		0.134	0.011	0.011	0.019	0.019
2.40	2.50	30.5	31.5		0.228	0.012	0.013	0.000	0.000
2.40	2.50	31.5	32.5		0.379	0.014	0.014	0.047	0.047
2.40	2.50	32.5	33.5		0.429	0.014	0.014	0.000	0.000
2.40	2.50	33.5	34.5		0.491	0.013	0.013	0.000	0.000
2.40	2.50	34.5	36.0		0.516	0.010	0.010	0.014	0.014
2.40	2.50	36.0	39.0		0.560	0.006	0.006	0.016	0.016
2.40	2.50	39.0	42.5		0.591	0.005	0.005	0.000	0.000
2.40	2.50	42.5	47.5		0.607	0.004	0.004	0.011	0.011
2.40	2.50	47.5	55.0		0.623	0.005	0.005	0.000	0.000
2.40	2.50	55.0	80.0		0.674	0.008	0.008	0.009	0.009
