-2.40	-2.10	5.0	15.0		0.000	0.000	0.003	0.000	0.000
-2.40	-2.10	15.0	21.5		0.000	0.000	0.002	0.000	0.000
-2.40	-2.10	21.5	24.0		0.027	0.006	0.008	0.000	0.000
-2.40	-2.10	24.0	25.5		0.699	0.023	0.022	0.033	0.033
-2.40	-2.10	25.5	26.5		0.804	0.023	0.021	0.000	0.000
-2.40	-2.10	26.5	27.5		0.809	0.021	0.020	0.000	0.000
-2.40	-2.10	27.5	28.5		0.799	0.021	0.020	0.035	0.035
-2.40	-2.10	28.5	29.5		0.843	0.017	0.016	0.000	0.000
-2.40	-2.10	29.5	32.5		0.842	0.009	0.009	0.021	0.021
-2.40	-2.10	32.5	37.5		0.863	0.006	0.006	0.011	0.011
-2.40	-2.10	37.5	42.5		0.859	0.005	0.005	0.009	0.009
-2.40	-2.10	42.5	47.5		0.867	0.005	0.005	0.015	0.015
-2.40	-2.10	47.5	55.0		0.878	0.006	0.006	0.008	0.008
-2.40	-2.10	55.0	80.0		0.878	0.008	0.008	0.010	0.010
-2.40	-2.10	80.0	150.0		0.866	0.020	0.018	0.028	0.028
-2.10	-1.60	5.0	15.0		0.000	0.000	0.002	0.000	0.000
-2.10	-1.60	15.0	21.5		0.000	0.000	0.001	0.000	0.000
-2.10	-1.60	21.5	24.0		0.016	0.003	0.004	0.000	0.000
-2.10	-1.60	24.0	25.5		0.871	0.012	0.011	0.016	0.016
-2.10	-1.60	25.5	26.5		0.895	0.013	0.012	0.015	0.015
-2.10	-1.60	26.5	27.5		0.911	0.012	0.011	0.014	0.014
-2.10	-1.60	27.5	28.5		0.901	0.011	0.010	0.000	0.000
-2.10	-1.60	28.5	29.5		0.913	0.010	0.009	0.022	0.022
-2.10	-1.60	29.5	32.5		0.909	0.005	0.005	0.000	0.000
-2.10	-1.60	32.5	37.5		0.918	0.003	0.003	0.007	0.007
-2.10	-1.60	37.5	42.5		0.923	0.003	0.003	0.000	0.000
-2.10	-1.60	42.5	47.5		0.922	0.003	0.003	0.006	0.006
-2.10	-1.60	47.5	55.0		0.922	0.003	0.003	0.000	0.000
-2.10	-1.60	55.0	80.0		0.925	0.004	0.004	0.000	0.000
-2.10	-1.60	80.0	150.0		0.915	0.011	0.010	0.025	0.025
-1.60	-1.20	5.0	15.0		0.000	0.000	0.002	0.000	0.000
-1.60	-1.20	15.0	21.5		0.003	0.001	0.002	0.002	0.002
-1.60	-1.20	21.5	24.0		0.037	0.006	0.007	0.008	0.008
-1.60	-1.20	24.0	25.5		0.891	0.013	0.012	0.000	0.000
-1.60	-1.20	25.5	26.5		0.903	0.014	0.012	0.000	0.000
-1.60	-1.20	26.5	27.5		0.899	0.014	0.012	0.031	0.031
-1.60	-1.20	27.5	28.5		0.915	0.011	0.010	0.000	0.000
-1.60	-1.20	28.5	29.5		0.908	0.011	0.010	0.045	0.045
-1.60	-1.20	29.5	32.5		0.929	0.005	0.005	0.000	0.000
-1.60	-1.20	32.5	37.5		0.937	0.003	0.003	0.000	0.000
-1.60	-1.20	37.5	42.5		0.938	0.003	0.002	0.007	0.007
-1.60	-1.20	42.5	47.5		0.946	0.002	0.002	0.000	0.000
-1.60	-1.20	47.5	55.0		0.946	0.003	0.003	0.000	0.000
-1.60	-1.20	55.0	80.0		0.956	0.003	0.003	0.010	0.010
-1.60	-1.20	80.0	150.0		0.946	0.009	0.008	0.017	0.017
-1.20	-0.80	5.0	15.0		0.000	0.000	0.003	0.000	0.000
-1.20	-0.80	15.0	21.5		0.001	0.001	0.001	0.000	0.000
-1.20	-0.80	21.5	24.0		0.010	0.003	0.004	0.004	0.004
-1.20	-0.80	24.0	25.5		0.875	0.013	0.012	0.000	0.000
-1.20	-0.80	25.5	26.5		0.939	0.011	0.010	0.027	0.027
-1.20	-0.80	26.5	27.5		0.919	0.011	0.010	0.014	0.014
-1.20	-0.80	27.5	28.5		0.941	0.010	0.008	0.019	0.019
-1.20	-0.80	28.5	29.5		0.953	0.008	0.007	0.000	0.000
-1.20	-0.80	29.5	32.5		0.954	0.004	0.004	0.018	0.018
-1.20	-0.80	32.5	37.5		0.954	0.002	0.002	0.003	0.003
-1.20	-0.80	37.5	42.5		0.955	0.002	0.002	0.000	0.000
-1.20	-0.80	42.5	47.5		0.959	0.002	0.002	0.006	0.006
-1.20	-0.80	47.5	55.0		0.960	0.002	0.002	0.004	0.004
-1.20	-0.80	55.0	80.0		0.959	0.003	0.003	0.000	0.000
-1.20	-0.80	80.0	150.0		0.958	0.008	0.007	0.000	0.000
-0.80	-0.30	5.0	15.0		0.000	0.000	0.002	0.000	0.000
-0.80	-0.30	15.0	21.5		0.000	0.000	0.001	0.000	0.000
-0.80	-0.30	21.5	24.0		0.007	0.002	0.003	0.000	0.000
-0.80	-0.30	24.0	25.5		0.939	0.007	0.006	0.008	0.008
-0.80	-0.30	25.5	26.5		0.966	0.006	0.006	0.000	0.000
-0.80	-0.30	26.5	27.5		0.965	0.006	0.005	0.007	0.007
-0.80	-0.30	27.5	28.5		0.960	0.006	0.005	0.014	0.014
-0.80	-0.30	28.5	29.5		0.968	0.005	0.004	0.011	0.011
-0.80	-0.30	29.5	32.5		0.979	0.002	0.002	0.003	0.003
-0.80	-0.30	32.5	37.5		0.981	0.001	0.001	0.003	0.003
-0.80	-0.30	37.5	42.5		0.980	0.001	0.001	0.002	0.002
-0.80	-0.30	42.5	47.5		0.983	0.001	0.001	0.004	0.004
-0.80	-0.30	47.5	55.0		0.977	0.002	0.001	0.004	0.004
-0.80	-0.30	55.0	80.0		0.981	0.002	0.002	0.007	0.007
-0.80	-0.30	80.0	150.0		0.976	0.005	0.004	0.000	0.000
-0.30	-0.20	5.0	15.0		0.000	0.000	0.014	0.000	0.000
-0.30	-0.20	15.0	21.5		0.000	0.000	0.003	0.000	0.000
-0.30	-0.20	21.5	24.0		0.003	0.002	0.006	0.007	0.007
-0.30	-0.20	24.0	25.5		0.884	0.021	0.019	0.000	0.000
-0.30	-0.20	25.5	26.5		0.915	0.022	0.018	0.000	0.000
-0.30	-0.20	26.5	27.5		0.926	0.020	0.016	0.000	0.000
-0.30	-0.20	27.5	28.5		0.916	0.021	0.017	0.000	0.000
-0.30	-0.20	28.5	29.5		0.904	0.019	0.016	0.030	0.030
-0.30	-0.20	29.5	32.5		0.919	0.009	0.008	0.016	0.016
-0.30	-0.20	32.5	37.5		0.940	0.005	0.005	0.000	0.000
-0.30	-0.20	37.5	42.5		0.934	0.005	0.004	0.000	0.000
-0.30	-0.20	42.5	47.5		0.944	0.004	0.004	0.000	0.000
-0.30	-0.20	47.5	55.0		0.933	0.006	0.006	0.018	0.018
-0.30	-0.20	55.0	80.0		0.937	0.007	0.007	0.010	0.010
-0.30	-0.20	80.0	150.0		0.905	0.022	0.018	0.044	0.044
-0.20	0.20	5.0	15.0		0.000	0.000	0.003	0.000	0.000
-0.20	0.20	15.0	21.5		0.000	0.000	0.001	0.000	0.000
-0.20	0.20	21.5	24.0		0.006	0.002	0.002	0.004	0.004
-0.20	0.20	24.0	25.5		0.928	0.008	0.007	0.020	0.020
-0.20	0.20	25.5	26.5		0.964	0.007	0.006	0.010	0.010
-0.20	0.20	26.5	27.5		0.969	0.006	0.005	0.010	0.010
-0.20	0.20	27.5	28.5		0.966	0.006	0.005	0.006	0.006
-0.20	0.20	28.5	29.5		0.965	0.006	0.005	0.007	0.007
-0.20	0.20	29.5	32.5		0.972	0.003	0.002	0.003	0.003
-0.20	0.20	32.5	37.5		0.976	0.002	0.001	0.002	0.002
-0.20	0.20	37.5	42.5		0.978	0.001	0.001	0.000	0.000
-0.20	0.20	42.5	47.5		0.979	0.001	0.001	0.001	0.001
-0.20	0.20	47.5	55.0		0.981	0.002	0.002	0.000	0.000
-0.20	0.20	55.0	80.0		0.981	0.002	0.002	0.000	0.000
-0.20	0.20	80.0	150.0		0.979	0.005	0.004	0.009	0.009
0.20	0.30	5.0	15.0		0.000	0.000	0.013	0.000	0.000
0.20	0.30	15.0	21.5		0.000	0.000	0.004	0.000	0.000
0.20	0.30	21.5	24.0		0.008	0.005	0.008	0.000	0.000
0.20	0.30	24.0	25.5		0.918	0.019	0.016	0.048	0.048
0.20	0.30	25.5	26.5		0.922	0.022	0.018	0.000	0.000
0.20	0.30	26.5	27.5		0.944	0.017	0.014	0.067	0.067
0.20	0.30	27.5	28.5		0.916	0.020	0.017	0.027	0.027
0.20	0.30	28.5	29.5		0.922	0.018	0.015	0.022	0.022
0.20	0.30	29.5	32.5		0.929	0.008	0.008	0.000	0.000
0.20	0.30	32.5	37.5		0.940	0.005	0.005	0.000	0.000
0.20	0.30	37.5	42.5		0.936	0.005	0.004	0.005	0.005
0.20	0.30	42.5	47.5		0.937	0.005	0.004	0.000	0.000
0.20	0.30	47.5	55.0		0.940	0.006	0.006	0.012	0.012
0.20	0.30	55.0	80.0		0.935	0.008	0.007	0.000	0.000
0.20	0.30	80.0	150.0		0.937	0.021	0.016	0.030	0.030
0.30	0.80	5.0	15.0		0.000	0.000	0.002	0.000	0.000
0.30	0.80	15.0	21.5		0.000	0.000	0.001	0.000	0.000
0.30	0.80	21.5	24.0		0.008	0.002	0.003	0.004	0.004
0.30	0.80	24.0	25.5		0.943	0.007	0.006	0.007	0.007
0.30	0.80	25.5	26.5		0.964	0.006	0.006	0.000	0.000
0.30	0.80	26.5	27.5		0.975	0.005	0.004	0.006	0.006
0.30	0.80	27.5	28.5		0.977	0.005	0.004	0.000	0.000
0.30	0.80	28.5	29.5		0.975	0.005	0.004	0.010	0.010
0.30	0.80	29.5	32.5		0.977	0.002	0.002	0.005	0.005
0.30	0.80	32.5	37.5		0.978	0.001	0.001	0.001	0.001
0.30	0.80	37.5	42.5		0.981	0.001	0.001	0.001	0.001
0.30	0.80	42.5	47.5		0.981	0.001	0.001	0.001	0.001
0.30	0.80	47.5	55.0		0.978	0.002	0.001	0.003	0.003
0.30	0.80	55.0	80.0		0.974	0.002	0.002	0.003	0.003
0.30	0.80	80.0	150.0		0.974	0.005	0.004	0.009	0.009
0.80	1.20	5.0	15.0		0.000	0.000	0.003	0.000	0.000
0.80	1.20	15.0	21.5		0.000	0.000	0.001	0.000	0.000
0.80	1.20	21.5	24.0		0.014	0.004	0.005	0.006	0.006
0.80	1.20	24.0	25.5		0.892	0.012	0.011	0.029	0.029
0.80	1.20	25.5	26.5		0.906	0.013	0.012	0.015	0.015
0.80	1.20	26.5	27.5		0.925	0.011	0.010	0.000	0.000
0.80	1.20	27.5	28.5		0.932	0.010	0.009	0.010	0.010
0.80	1.20	28.5	29.5		0.946	0.009	0.008	0.000	0.000
0.80	1.20	29.5	32.5		0.945	0.004	0.004	0.000	0.000
0.80	1.20	32.5	37.5		0.954	0.002	0.002	0.005	0.005
0.80	1.20	37.5	42.5		0.957	0.002	0.002	0.004	0.004
0.80	1.20	42.5	47.5		0.961	0.002	0.002	0.005	0.005
0.80	1.20	47.5	55.0		0.957	0.003	0.002	0.000	0.000
0.80	1.20	55.0	80.0		0.962	0.003	0.003	0.007	0.007
0.80	1.20	80.0	150.0		0.945	0.008	0.007	0.011	0.011
1.20	1.60	5.0	15.0		0.000	0.000	0.003	0.000	0.000
1.20	1.60	15.0	21.5		0.006	0.002	0.003	0.003	0.003
1.20	1.60	21.5	24.0		0.026	0.005	0.006	0.011	0.011
1.20	1.60	24.0	25.5		0.881	0.013	0.012	0.000	0.000
1.20	1.60	25.5	26.5		0.912	0.014	0.012	0.019	0.019
1.20	1.60	26.5	27.5		0.925	0.012	0.010	0.034	0.034
1.20	1.60	27.5	28.5		0.922	0.012	0.010	0.000	0.000
1.20	1.60	28.5	29.5		0.913	0.011	0.010	0.013	0.013
1.20	1.60	29.5	32.5		0.930	0.005	0.005	0.009	0.009
1.20	1.60	32.5	37.5		0.937	0.003	0.003	0.000	0.000
1.20	1.60	37.5	42.5		0.941	0.002	0.002	0.006	0.006
1.20	1.60	42.5	47.5		0.944	0.002	0.002	0.005	0.005
1.20	1.60	47.5	55.0		0.943	0.003	0.003	0.004	0.004
1.20	1.60	55.0	80.0		0.953	0.004	0.003	0.000	0.000
1.20	1.60	80.0	150.0		0.949	0.009	0.008	0.015	0.015
1.60	2.10	5.0	15.0		0.000	0.000	0.002	0.000	0.000
1.60	2.10	15.0	21.5		0.000	0.000	0.001	0.000	0.000
1.60	2.10	21.5	24.0		0.013	0.003	0.004	0.000	0.000
1.60	2.10	24.0	25.5		0.874	0.012	0.011	0.000	0.000
1.60	2.10	25.5	26.5		0.903	0.012	0.011	0.025	0.025
1.60	2.10	26.5	27.5		0.898	0.012	0.011	0.019	0.019
1.60	2.10	27.5	28.5		0.920	0.010	0.009	0.023	0.023
1.60	2.10	28.5	29.5		0.896	0.011	0.010	0.021	0.021
1.60	2.10	29.5	32.5		0.921	0.005	0.005	0.000	0.000
1.60	2.10	32.5	37.5		0.920	0.003	0.003	0.007	0.007
1.60	2.10	37.5	42.5		0.917	0.003	0.003	0.000	0.000
1.60	2.10	42.5	47.5		0.918	0.003	0.003	0.009	0.009
1.60	2.10	47.5	55.0		0.925	0.003	0.003	0.000	0.000
1.60	2.10	55.0	80.0		0.921	0.004	0.004	0.008	0.008
1.60	2.10	80.0	150.0		0.931	0.011	0.009	0.000	0.000
2.10	2.40	5.0	15.0		0.000	0.000	0.003	0.000	0.000
2.10	2.40	15.0	21.5		0.000	0.000	0.002	0.000	0.000
2.10	2.40	21.5	24.0		0.026	0.006	0.008	0.009	0.009
2.10	2.40	24.0	25.5		0.709	0.022	0.021	0.000	0.000
2.10	2.40	25.5	26.5		0.789	0.024	0.022	0.029	0.029
2.10	2.40	26.5	27.5		0.786	0.022	0.021	0.028	0.028
2.10	2.40	27.5	28.5		0.823	0.020	0.018	0.000	0.000
2.10	2.40	28.5	29.5		0.819	0.018	0.017	0.000	0.000
2.10	2.40	29.5	32.5		0.829	0.009	0.009	0.010	0.010
2.10	2.40	32.5	37.5		0.855	0.006	0.006	0.008	0.008
2.10	2.40	37.5	42.5		0.869	0.005	0.005	0.007	0.007
2.10	2.40	42.5	47.5		0.866	0.005	0.005	0.000	0.000
2.10	2.40	47.5	55.0		0.872	0.007	0.006	0.009	0.009
2.10	2.40	55.0	80.0		0.874	0.008	0.008	0.000	0.000
2.10	2.40	80.0	150.0		0.874	0.021	0.018	0.000	0.000
